              1
       1.086751
       1.095408
       1.107373
       1.120061
       1.132338
       1.144537
       1.157408
       1.171303
        1.18617
       1.201905
       1.218502
        1.23599
       1.254374
       1.273642
        1.29378
        1.31477
       1.336585
       1.359193
       1.382552
       1.406617
       1.431331
       1.456633
       1.482452
       1.508713
        1.53533
       1.562215
       1.589269
       1.616391
       1.643472
       1.670401
       1.697061
       1.723332
       1.749094
       1.774222
       1.798595
       1.822088
       1.844581
       1.865956
       1.886098
       1.904896
       1.922247
       1.938052
       1.952221
       1.964673
       1.975336
       1.984145
        1.99105
        1.99601
       1.998995
       1.999986
       1.998979
       1.995979
       1.991004
       1.984084
        1.97526
       1.964584
        1.95212
       1.937939
       1.922123
       1.904763
       1.885957
       1.865808
       1.844428
        1.82193
       1.798434
        1.77406
       1.748932
       1.723171
       1.696902
       1.670246
       1.643322
       1.616246
       1.589131
       1.562084
       1.535207
       1.508598
       1.482346
       1.456536
       1.431244
        1.40654
       1.382485
       1.359135
       1.336537
       1.314731
        1.29375
       1.273621
       1.254363
       1.235988
       1.218499
       1.201893
       1.186173
       1.171367
       1.157516
       1.144573
       1.132276
       1.120173
       1.108042
       1.096572
       1.087705
       1.083939
