              1
              1
              1
              1
              1
              1
              1
              1
              1
              1
              1
              1
      0.9999998
      0.9999975
      0.9999958
       1.000005
       1.000036
       1.000053
      0.9999326
      0.9995832
        0.99935
       1.000351
       1.003593
        1.00709
       1.003241
       0.982456
      0.9468566
       0.925827
      0.9731415
       1.133562
       1.398778
       1.696415
       1.933609
       2.060954
        2.09734
       2.097092
       2.100567
       2.116078
       2.135579
       2.153477
       2.170123
       2.186922
       2.203982
       2.221018
       2.238007
       2.254989
       2.271946
       2.288921
       2.306102
       2.323626
       2.340973
       2.356464
       2.368599
        2.38038
       2.403217
       2.451451
       2.521754
       2.569885
       2.515229
       2.291156
       1.911082
       1.484532
       1.151177
      0.9846467
      0.9556292
       0.981779
       1.002189
       1.004411
       1.000631
      0.9992798
      0.9998146
       1.000118
       1.000028
      0.9999789
      0.9999986
       1.000003
      0.9999994
      0.9999997
              1
              1
              1
              1
              1
              1
              1
              1
              1
              1
              1
              1
              1
              1
              1
              1
              1
              1
              1
              1
              1
              1
              1
