             10
      0.9999296
      0.9999012
      0.9999277
       1.000048
       1.000264
       1.000502
         1.0006
       1.000341
       0.999562
      0.9983196
       0.997029
      0.9964902
      0.9976916
       1.001367
       1.007404
       1.014338
       1.019244
       1.018272
       1.007879
      0.9864928
      0.9560693
      0.9228799
      0.8970158
      0.8904888
       0.914329
      0.9755137
       1.074716
       1.205649
       1.356263
       1.511444
       1.656352
       1.779416
       1.874176
       1.939629
       1.979245
       1.999189
       2.006393
       2.006998
       2.005429
       2.004102
       2.003627
       2.003323
       2.001919
       1.998341
       1.992462
       1.985638
       1.980778
       1.981753
       1.992135
       2.013511
        2.04393
       2.077119
       2.102985
       2.109513
        2.08567
       2.024479
        1.92527
       1.794336
       1.643734
       1.488584
       1.343718
       1.220683
       1.125896
       1.060323
       1.020491
       1.000308
      0.9930068
      0.9926612
      0.9950087
       0.997578
      0.9993441
       1.000187
        1.00039
       1.000293
       1.000134
       1.000024
       0.999978
      0.9999742
      0.9999857
      0.9999964
       1.000001
       1.000002
       1.000001
              1
      0.9999998
      0.9999998
              1
              1
              1
              1
      0.9999996
      0.9999986
      0.9999977
      0.9999981
       1.000001
       1.000007
       1.000014
       1.000015
       1.000003
      0.9999718
