             50
      0.9906625
      0.9900236
      0.9913855
      0.9951776
       1.001462
       1.009816
       1.019289
       1.028441
       1.035489
       1.038539
       1.035879
       1.026295
       1.009358
      0.9856204
       0.956705
      0.9252429
      0.8946738
      0.8689281
      0.8520319
      0.8476898
      0.8588979
      0.8876365
      0.9346736
      0.9994949
       1.080357
       1.174447
       1.278122
       1.387199
       1.497271
       1.604031
       1.703581
       1.792716
       1.869175
        1.93183
       1.980804
       2.017488
       2.044434
        2.06512
       2.083588
       2.103976
       2.129989
       2.164381
       2.208505
       2.262011
       2.322741
       2.386852
        2.44917
       2.503724
       2.544408
       2.565676
       2.563177
       2.534261
       2.478262
       2.396569
       2.292445
       2.170663
        2.03699
       1.897613
       1.758575
       1.625275
       1.502107
       1.392236
       1.297531
       1.218637
        1.15515
       1.105855
          1.069
       1.042548
       1.024412
       1.012618
       1.005433
       1.001422
       0.999464
      0.9987384
      0.9986793
      0.9989255
      0.9992664
      0.9995923
      0.9998543
       1.000034
       1.000128
       1.000135
       1.000058
      0.9999099
      0.9997182
      0.9995274
      0.9993991
      0.9994023
      0.9995973
       1.000014
       1.000633
       1.001364
       1.002051
       1.002483
       1.002429
       1.001695
       1.000188
      0.9979693
      0.9953032
      0.9926572
