             20
       1.000864
       1.001111
       1.000991
       1.000308
      0.9989983
      0.9972365
      0.9954964
      0.9945201
      0.9951648
       0.998132
       1.003632
       1.011079
       1.018931
       1.024793
       1.025811
       1.019353
       1.003829
      0.9794636
        0.94879
      0.9166897
      0.8898831
       0.875926
       0.881896
      0.9130445
      0.9717215
       1.056819
       1.163863
       1.285731
       1.413829
        1.53946
       1.655096
         1.7553
       1.837157
       1.900176
       1.945782
       1.976555
       1.995454
       2.005212
       2.008026
       2.005573
       1.999287
       1.990741
       1.981959
       1.975493
        1.97417
       1.980526
       1.996054
       2.020456
       2.051161
       2.083273
        2.11008
       2.124042
       2.118099
       2.087007
       2.028409
       1.943383
       1.836355
       1.714393
       1.586059
       1.460067
        1.34404
       1.243589
       1.161852
       1.099516
        1.05522
       1.026209
        1.00905
       1.000268
      0.9968094
      0.9962946
        0.99708
      0.9981792
      0.9991089
      0.9997156
       1.000024
       1.000128
       1.000124
       1.000081
       1.000038
        1.00001
      0.9999973
      0.9999942
      0.9999948
      0.9999951
       0.999994
      0.9999926
      0.9999935
      0.9999996
       1.000012
       1.000028
       1.000041
       1.000039
       1.000011
      0.9999513
      0.9998707
      0.9997984
      0.9997825
      0.9998759
       1.000112
       1.000473
