             50
       1.103127
        1.10809
       1.114913
       1.123419
        1.13344
       1.144827
       1.157453
       1.171216
       1.186039
       1.201864
        1.21865
       1.236367
       1.254995
       1.274515
       1.294908
       1.316152
        1.33822
       1.361078
       1.384684
       1.408991
       1.433941
       1.459469
       1.485505
       1.511967
        1.53877
        1.56582
       1.593018
       1.620259
       1.647433
       1.674425
       1.701118
        1.72739
       1.753119
       1.778182
       1.802454
       1.825814
        1.84814
       1.869315
       1.889226
       1.907764
       1.924827
        1.94032
       1.954154
       1.966253
       1.976546
       1.984975
       1.991492
        1.99606
       1.998653
       1.999258
       1.997872
       1.994504
       1.989175
       1.981917
       1.972774
       1.961799
       1.949059
        1.93463
         1.9186
       1.901064
       1.882125
        1.86189
       1.840471
       1.817977
        1.79452
       1.770208
        1.74515
       1.719451
       1.693225
       1.666586
       1.639662
       1.612585
       1.585498
       1.558548
        1.53188
       1.505629
       1.479906
       1.454796
       1.430342
        1.40655
       1.383386
       1.360782
       1.338657
       1.316925
       1.295522
       1.274418
        1.25364
       1.233272
       1.213467
       1.194435
       1.176432
       1.159742
       1.144654
       1.131439
       1.120328
         1.1115
       1.105064
       1.101062
       1.099468
         1.1002
