              2
              1
              1
              1
      0.9999999
      0.9999999
              1
       1.000001
       1.000001
      0.9999995
      0.9999939
       0.999988
      0.9999972
       1.000041
       1.000106
       1.000094
      0.9998363
      0.9992861
      0.9988789
      0.9996947
       1.002809
       1.007556
       1.009693
       1.001846
      0.9784065
      0.9438527
      0.9188812
      0.9369626
       1.028876
       1.202546
       1.432232
        1.66714
       1.855898
       1.970974
       2.017092
       2.020423
       2.009274
       2.000517
       1.998004
       1.998864
       1.999949
       2.000246
       2.000101
        1.99994
       1.999868
       1.999903
       2.000168
       2.000715
        2.00112
       2.000305
       1.997191
       1.992444
       1.990307
       1.998153
       2.021594
       2.056147
       2.081119
       2.063037
       1.971124
       1.797454
       1.567768
        1.33286
       1.144102
       1.029026
      0.9829081
      0.9795766
      0.9907262
      0.9994823
       1.001995
       1.001137
       1.000057
      0.9997661
      0.9999019
       1.000019
       1.000026
       1.000002
      0.9999954
      0.9999988
       1.000001
              1
      0.9999999
      0.9999999
              1
              1
              1
              1
              1
              1
              1
              1
              1
              1
              1
              1
              1
              1
              1
              1
              1
              1
              1
