            100
        1.10785
       1.112515
       1.118875
       1.126824
        1.13626
       1.147089
       1.159225
       1.172593
       1.187127
       1.202773
       1.219482
       1.237214
       1.255932
         1.2756
       1.296186
       1.317653
       1.339963
       1.363073
       1.386935
       1.411494
        1.43669
       1.462453
       1.488709
       1.515376
       1.542363
       1.569577
       1.596913
       1.624266
       1.651523
       1.678567
       1.705279
       1.731537
       1.757218
       1.782197
       1.806352
       1.829561
       1.851704
       1.872665
       1.892333
       1.910601
       1.927367
       1.942538
       1.956029
       1.967762
        1.97767
       1.985698
       1.991802
       1.995949
       1.998123
       1.998316
       1.996535
         1.9928
       1.987138
       1.979589
       1.970198
       1.959018
       1.946109
       1.931535
       1.915366
       1.897682
       1.878567
        1.85812
       1.836448
       1.813672
       1.789927
       1.765356
       1.740116
       1.714365
       1.688263
       1.661963
       1.635607
       1.609316
       1.583188
       1.557295
       1.531682
       1.506365
       1.481339
       1.456585
       1.432073
       1.407778
       1.383686
       1.359802
       1.336161
       1.312829
       1.289906
       1.267526
       1.245852
        1.22507
       1.205379
       1.186982
       1.170077
       1.154845
       1.141442
       1.129995
       1.120595
       1.113297
       1.108116
       1.105039
       1.104018
       1.104984
