             20
       1.000879
       1.001145
       1.001041
       1.000363
      0.9990365
      0.9972279
      0.9954112
      0.9943417
      0.9949039
      0.9978391
       1.003401
       1.011036
       1.019211
       1.025495
       1.026953
       1.020826
       1.005367
      0.9806487
      0.9490982
      0.9155734
      0.8868882
      0.8708229
      0.8747995
         0.9045
      0.9627373
       1.048837
       1.158675
       1.285353
       1.420366
       1.554984
       1.681556
       1.794475
       1.890624
       1.969295
       2.031648
        2.07992
       2.116629
       2.143974
       2.163595
       2.176723
        2.18462
       2.189119
       2.193027
       2.200156
       2.214875
       2.241195
       2.281573
       2.335746
       2.399958
       2.466849
       2.526192
       2.566382
       2.576416
       2.547947
       2.476948
       2.364597
       2.217202
       2.045185
       1.861364
       1.678937
       1.509584
       1.362044
       1.241374
       1.148937
       1.082989
       1.039628
       1.013872
       1.000616
      0.9953392
      0.9944988
      0.9956351
       0.997264
      0.9986526
       0.999564
       1.000031
        1.00019
       1.000185
       1.000121
       1.000057
       1.000015
      0.9999955
      0.9999907
      0.9999921
      0.9999937
      0.9999936
      0.9999925
      0.9999935
      0.9999994
       1.000012
       1.000028
       1.000042
        1.00004
       1.000012
      0.9999524
      0.9998696
      0.9997939
      0.9997742
      0.9998655
       1.000104
       1.000473
