             50
        1.14734
       1.147365
       1.147406
       1.147465
       1.147541
       1.147634
       1.147745
       1.147872
       1.148016
       1.148178
       1.148357
       1.148552
       1.148765
       1.148995
       1.149242
       1.149505
       1.149786
       1.150083
       1.150398
       1.150729
       1.151077
       1.151442
       1.151824
       1.152222
       1.152637
       1.153069
       1.153517
       1.153982
       1.154463
       1.154961
       1.155475
       1.156005
       1.156552
       1.157115
       1.157694
        1.15829
       1.158901
       1.159529
       1.160172
       1.160832
       1.161507
       1.162198
       1.162905
       1.163627
       1.164365
       1.165119
       1.165888
       1.166672
       1.167472
       1.168287
       1.169118
       1.169963
       1.170824
       1.171699
       1.172589
       1.173495
       1.174415
       1.175349
       1.176299
       1.177262
       1.178241
       1.179233
        1.18024
       1.181261
       1.182297
       1.183346
        1.18441
       1.185487
       1.186578
       1.187683
       1.188802
       1.189934
        1.19108
       1.192239
       1.193411
       1.194597
       1.195796
       1.197008
       1.198233
       1.199471
       1.200722
       1.201986
       1.203262
       1.204551
       1.205853
       1.207167
       1.208493
       1.209832
       1.211183
       1.212546
       1.213921
       1.215309
       1.216708
       1.218119
       1.219541
       1.220976
       1.222422
       1.223879
       1.225348
       1.226829
        1.22832
       1.229823
       1.231337
       1.232862
       1.234398
       1.235945
       1.237503
       1.239071
       1.240651
       1.242241
       1.243841
       1.245452
       1.247073
       1.248705
       1.250347
       1.251999
       1.253661
       1.255334
       1.257016
       1.258708
        1.26041
       1.262122
       1.263844
       1.265575
       1.267316
       1.269066
       1.270826
       1.272595
       1.274374
       1.276162
       1.277959
       1.279765
        1.28158
       1.283404
       1.285237
       1.287079
        1.28893
        1.29079
       1.292658
       1.294535
       1.296421
       1.298315
       1.300217
       1.302128
       1.304047
       1.305975
        1.30791
       1.309854
       1.311806
       1.313766
       1.315734
        1.31771
       1.319694
       1.321686
       1.323685
       1.325692
       1.327707
       1.329729
       1.331759
       1.333796
        1.33584
       1.337892
       1.339952
       1.342018
       1.344092
       1.346172
        1.34826
       1.350355
       1.352457
       1.354566
       1.356681
       1.358803
       1.360932
       1.363068
        1.36521
       1.367359
       1.369514
       1.371676
       1.373844
       1.376018
       1.378199
       1.380386
       1.382579
       1.384778
       1.386983
       1.389194
       1.391411
       1.393634
       1.395862
       1.398096
       1.400336
       1.402582
       1.404833
       1.407089
       1.409351
       1.411619
       1.413891
       1.416169
       1.418452
        1.42074
       1.423033
       1.425331
       1.427634
       1.429942
       1.432255
       1.434572
       1.436894
        1.43922
       1.441551
       1.443887
       1.446227
       1.448571
       1.450919
       1.453272
       1.455629
        1.45799
       1.460354
       1.462723
       1.465095
       1.467472
       1.469852
       1.472235
       1.474622
       1.477013
       1.479407
       1.481804
       1.484204
       1.486608
       1.489015
       1.491425
       1.493838
       1.496253
       1.498672
       1.501093
       1.503517
       1.505943
       1.508372
       1.510804
       1.513237
       1.515673
       1.518111
       1.520552
       1.522994
       1.525438
       1.527884
       1.530332
       1.532781
       1.535232
       1.537685
       1.540139
       1.542594
       1.545051
       1.547509
       1.549968
       1.552428
       1.554889
       1.557351
       1.559813
       1.562277
        1.56474
       1.567205
       1.569669
       1.572134
         1.5746
       1.577065
       1.579531
       1.581996
       1.584461
       1.586926
       1.589391
       1.591856
        1.59432
       1.596783
       1.599245
       1.601707
       1.604168
       1.606628
       1.609087
       1.611545
       1.614002
       1.616457
       1.618911
       1.621363
       1.623814
       1.626263
        1.62871
       1.631155
       1.633599
        1.63604
       1.638479
       1.640916
        1.64335
       1.645782
       1.648211
       1.650637
       1.653061
       1.655482
         1.6579
       1.660315
       1.662726
       1.665135
        1.66754
       1.669941
       1.672339
       1.674733
       1.677123
        1.67951
       1.681893
       1.684271
       1.686645
       1.689015
       1.691381
       1.693742
       1.696099
        1.69845
       1.700798
        1.70314
       1.705477
       1.707809
       1.710136
       1.712457
       1.714774
       1.717084
       1.719389
       1.721689
       1.723982
        1.72627
       1.728551
       1.730827
       1.733096
       1.735359
       1.737616
       1.739866
       1.742109
       1.744346
       1.746575
       1.748798
       1.751014
       1.753223
       1.755424
       1.757619
       1.759805
       1.761984
       1.764156
        1.76632
       1.768476
       1.770624
       1.772764
       1.774895
       1.777019
       1.779134
       1.781241
       1.783339
       1.785429
        1.78751
       1.789582
       1.791645
       1.793699
       1.795744
       1.797779
       1.799806
       1.801823
        1.80383
       1.805828
       1.807816
       1.809794
       1.811762
       1.813721
       1.815669
       1.817607
       1.819535
       1.821452
       1.823359
       1.825255
       1.827141
       1.829015
       1.830879
       1.832732
       1.834574
       1.836405
       1.838225
       1.840033
        1.84183
       1.843616
        1.84539
       1.847152
       1.848902
       1.850641
       1.852367
       1.854082
       1.855784
       1.857475
       1.859153
       1.860819
       1.862472
       1.864112
        1.86574
       1.867356
       1.868958
       1.870548
       1.872125
       1.873689
       1.875239
       1.876777
       1.878301
       1.879812
       1.881309
       1.882793
       1.884264
        1.88572
       1.887163
       1.888592
       1.890008
       1.891409
       1.892796
       1.894169
       1.895528
       1.896873
       1.898204
        1.89952
       1.900822
       1.902109
       1.903381
       1.904639
       1.905882
       1.907111
       1.908324
       1.909523
       1.910707
       1.911875
       1.913029
       1.914167
        1.91529
       1.916398
       1.917491
       1.918568
        1.91963
       1.920676
       1.921706
       1.922721
       1.923721
       1.924704
       1.925672
       1.926624
        1.92756
        1.92848
       1.929385
       1.930273
       1.931145
       1.932001
        1.93284
       1.933664
       1.934471
       1.935262
       1.936037
       1.936795
       1.937537
       1.938262
       1.938971
       1.939663
       1.940339
       1.940998
        1.94164
       1.942266
       1.942875
       1.943467
       1.944043
       1.944601
       1.945143
       1.945668
       1.946176
       1.946667
       1.947141
       1.947598
       1.948038
       1.948461
       1.948867
       1.949256
       1.949628
       1.949982
        1.95032
        1.95064
       1.950943
       1.951229
       1.951498
        1.95175
       1.951984
       1.952201
       1.952401
       1.952583
       1.952748
       1.952896
       1.953027
        1.95314
       1.953236
       1.953315
       1.953376
        1.95342
       1.953446
       1.953456
       1.953448
       1.953422
        1.95338
        1.95332
       1.953242
       1.953148
       1.953036
       1.952906
        1.95276
       1.952596
       1.952414
       1.952216
          1.952
       1.951767
       1.951517
       1.951249
       1.950965
       1.950663
       1.950344
       1.950007
       1.949654
       1.949284
       1.948896
       1.948491
       1.948069
       1.947631
       1.947175
       1.946702
       1.946212
       1.945705
       1.945182
       1.944641
       1.944084
       1.943509
       1.942918
       1.942311
       1.941686
       1.941045
       1.940387
       1.939712
       1.939021
       1.938314
        1.93759
       1.936849
       1.936092
       1.935318
       1.934528
       1.933722
         1.9329
       1.932061
       1.931206
       1.930336
       1.929449
       1.928545
       1.927626
       1.926691
       1.925741
       1.924774
       1.923791
       1.922793
       1.921779
        1.92075
       1.919704
       1.918644
       1.917568
       1.916476
       1.915369
       1.914247
        1.91311
       1.911957
        1.91079
       1.909607
       1.908409
       1.907197
       1.905969
       1.904727
        1.90347
       1.902198
       1.900912
       1.899611
       1.898296
       1.896967
       1.895623
       1.894265
       1.892892
       1.891506
       1.890105
       1.888691
       1.887263
        1.88582
       1.884365
       1.882895
       1.881412
       1.879915
       1.878405
       1.876882
       1.875345
       1.873795
       1.872232
       1.870656
       1.869067
       1.867465
       1.865851
       1.864223
       1.862583
       1.860931
       1.859266
       1.857589
       1.855899
       1.854197
       1.852483
       1.850757
       1.849019
       1.847269
       1.845508
       1.843735
        1.84195
       1.840153
       1.838346
       1.836526
       1.834696
       1.832855
       1.831002
       1.829139
       1.827264
       1.825379
       1.823484
       1.821577
        1.81966
       1.817733
       1.815796
       1.813848
        1.81189
       1.809922
       1.807944
       1.805956
       1.803959
       1.801952
       1.799936
        1.79791
       1.795874
        1.79383
       1.791776
       1.789713
       1.787641
       1.785561
       1.783472
       1.781374
       1.779267
       1.777152
       1.775029
       1.772897
       1.770757
        1.76861
       1.766454
        1.76429
       1.762119
        1.75994
       1.757753
       1.755559
       1.753358
       1.751149
       1.748934
       1.746711
       1.744481
       1.742245
       1.740001
       1.737751
       1.735495
       1.733232
       1.730963
       1.728687
       1.726406
       1.724118
       1.721825
       1.719525
        1.71722
       1.714909
       1.712593
       1.710272
       1.707945
       1.705613
       1.703275
       1.700933
       1.698586
       1.696234
       1.693877
       1.691516
        1.68915
        1.68678
       1.684406
       1.682027
       1.679644
       1.677258
       1.674867
       1.672473
       1.670075
       1.667673
       1.665268
       1.662859
       1.660447
       1.658032
       1.655614
       1.653193
       1.650769
       1.648342
       1.645913
       1.643481
       1.641046
       1.638609
        1.63617
       1.633728
       1.631285
       1.628839
       1.626391
       1.623942
       1.621491
       1.619038
       1.616584
       1.614128
       1.611671
       1.609213
       1.606754
       1.604293
       1.601832
       1.599369
       1.596906
       1.594443
       1.591978
       1.589513
       1.587048
       1.584583
       1.582117
       1.579651
       1.577185
       1.574719
       1.572253
       1.569788
       1.567323
       1.564858
       1.562393
        1.55993
       1.557467
       1.555004
       1.552543
       1.550082
       1.547623
       1.545164
       1.542707
       1.540251
       1.537797
       1.535343
       1.532892
       1.530442
       1.527993
       1.525547
       1.523102
       1.520659
       1.518218
        1.51578
       1.513343
       1.510909
       1.508477
       1.506048
       1.503621
       1.501196
       1.498774
       1.496355
       1.493939
       1.491526
       1.489115
       1.486708
       1.484304
       1.481902
       1.479505
        1.47711
       1.474719
       1.472331
       1.469947
       1.467567
        1.46519
       1.462817
       1.460448
       1.458083
       1.455721
       1.453364
       1.451011
       1.448662
       1.446317
       1.443977
       1.441641
       1.439309
       1.436982
        1.43466
       1.432342
       1.430029
       1.427721
       1.425417
       1.423119
       1.420825
       1.418537
       1.416253
       1.413975
       1.411702
       1.409434
       1.407172
       1.404915
       1.402664
       1.400418
       1.398178
       1.395943
       1.393714
       1.391491
       1.389274
       1.387063
       1.384857
       1.382658
       1.380465
       1.378278
       1.376097
       1.373922
       1.371754
       1.369592
       1.367436
       1.365287
       1.363145
       1.361009
        1.35888
       1.356758
       1.354642
       1.352533
       1.350432
       1.348337
       1.346249
       1.344168
       1.342094
       1.340028
       1.337969
       1.335917
       1.333872
       1.331835
       1.329805
       1.327783
       1.325769
       1.323762
       1.321763
       1.319771
       1.317788
       1.315812
       1.313844
       1.311884
       1.309933
       1.307989
       1.306054
       1.304126
       1.302207
       1.300297
       1.298395
       1.296501
       1.294616
       1.292739
       1.290871
       1.289012
       1.287162
        1.28532
       1.283487
       1.281664
       1.279849
       1.278043
       1.276247
       1.274459
       1.272681
       1.270913
       1.269153
       1.267403
       1.265663
       1.263932
       1.262211
         1.2605
       1.258798
       1.257107
       1.255425
       1.253753
       1.252091
        1.25044
       1.248798
       1.247167
       1.245546
       1.243936
       1.242336
       1.240747
       1.239168
         1.2376
       1.236043
       1.234496
       1.232961
       1.231436
       1.229923
       1.228421
       1.226929
        1.22545
       1.223981
       1.222524
       1.221078
       1.219645
       1.218222
       1.216812
       1.215413
       1.214026
       1.212651
       1.211288
       1.209938
       1.208599
       1.207273
       1.205959
       1.204658
       1.203369
       1.202093
       1.200829
       1.199578
        1.19834
       1.197115
       1.195903
       1.194704
       1.193518
       1.192346
       1.191187
       1.190041
       1.188908
       1.187789
       1.186684
       1.185593
       1.184515
       1.183451
       1.182402
       1.181366
       1.180344
       1.179337
       1.178343
       1.177365
         1.1764
        1.17545
       1.174515
       1.173594
       1.172688
       1.171797
        1.17092
       1.170059
       1.169213
       1.168381
       1.167565
       1.166764
       1.165979
       1.165208
       1.164453
       1.163714
        1.16299
       1.162282
        1.16159
       1.160913
       1.160252
       1.159607
       1.158978
       1.158365
       1.157768
       1.157187
       1.156622
       1.156074
       1.155542
       1.155026
       1.154526
       1.154043
       1.153576
       1.153126
       1.152693
       1.152276
       1.151875
       1.151492
       1.151125
       1.150775
       1.150441
       1.150125
       1.149825
       1.149542
       1.149276
       1.149027
       1.148795
        1.14858
       1.148382
       1.148201
       1.148038
       1.147891
       1.147761
       1.147649
       1.147553
       1.147475
       1.147414
       1.147369
       1.147343
       1.147333
