              1
              1
              1
              1
              1
              1
              1
              1
              1
              1
              1
              1
              1
              1
              1
              1
              1
              1
              1
              1
              1
              1
              1
              1
              1
              1
              1
              1
              1
              1
              1
              1
              1
              1
              1
              1
              1
              1
              1
              1
              1
              1
              1
              1
              1
              1
              1
              1
              1
              1
              1
              1
              1
              1
              1
              1
              1
              1
              1
              1
              1
              1
              1
              1
              1
              1
              1
              1
              1
              1
              1
              1
              1
              1
              1
              1
              1
              1
              1
              1
              1
              1
              1
              1
              1
              1
              1
              1
              1
              1
              1
              1
              1
              1
              1
              1
              1
              1
              1
              1
              1
              1
              1
              1
              1
              1
              1
              1
              1
              1
              1
              1
              1
              1
              1
              1
              1
              1
              1
              1
              1
              1
              1
              1
              1
              1
              1
              1
              1
              1
              1
              1
              1
              1
              1
              1
              1
              1
              1
              1
              1
              1
              1
              1
              1
              1
              1
              1
              1
              1
              1
              1
              1
              1
              1
              1
              1
              1
              1
              1
              1
              1
              1
              1
              1
              1
              1
              1
              1
              1
              1
              1
              1
              1
              1
              1
              1
              1
              1
              1
              1
              1
              1
              1
              1
              1
              1
              1
              1
              1
              1
              1
              1
              1
              1
              1
              1
              1
              1
              1
              1
              1
              1
              1
              1
              1
              1
              1
              1
              1
              1
              1
              1
              1
              1
              1
              1
              1
              1
              1
              1
              1
              1
              1
              1
              1
              1
              1
              1
              1
              1
              1
              1
              1
              1
              1
              1
              1
              1
              1
              1
              1
              1
              1
              1
              1
              1
              1
              1
       1.000001
       1.000001
       1.000001
       1.000002
       1.000003
       1.000005
       1.000008
       1.000011
       1.000017
       1.000025
       1.000037
       1.000054
       1.000078
       1.000113
       1.000161
       1.000228
       1.000321
       1.000448
       1.000622
       1.000856
       1.001169
       1.001586
       1.002136
       1.002854
       1.003787
       1.004986
       1.006516
       1.008453
       1.010883
       1.013907
       1.017639
       1.022205
       1.027744
       1.034407
        1.04235
       1.051739
       1.062739
       1.075513
       1.090217
       1.106989
        1.12595
       1.147191
       1.170768
       1.196698
       1.224954
       1.255455
       1.288072
       1.322621
       1.358868
       1.396532
       1.435289
       1.474782
        1.51463
       1.554439
        1.59381
       1.632357
       1.669715
        1.70555
       1.739569
       1.771529
       1.801239
       1.828567
       1.853434
       1.875818
        1.89575
       1.913302
       1.928589
       1.941754
       1.952964
       1.962401
       1.970254
       1.976714
       1.981965
       1.986183
       1.989531
       1.992156
        1.99419
       1.995746
       1.996922
       1.997799
       1.998445
       1.998915
       1.999252
       1.999491
       1.999658
       1.999773
       1.999852
       1.999904
       1.999939
       1.999962
       1.999976
       1.999986
       1.999991
       1.999995
       1.999997
       1.999998
       1.999999
       1.999999
              2
              2
              2
              2
              2
              2
              2
              2
              2
              2
              2
              2
              2
              2
              2
              2
              2
              2
              2
              2
              2
              2
              2
              2
              2
              2
              2
              2
              2
              2
              2
              2
              2
              2
              2
              2
              2
              2
              2
              2
              2
              2
              2
              2
              2
              2
              2
              2
              2
              2
              2
              2
              2
              2
              2
              2
              2
              2
              2
              2
              2
              2
              2
              2
              2
              2
              2
              2
              2
              2
              2
              2
              2
              2
              2
              2
              2
              2
              2
              2
              2
              2
              2
              2
              2
              2
              2
              2
              2
              2
              2
              2
              2
              2
              2
              2
              2
              2
              2
              2
              2
              2
              2
              2
              2
              2
              2
              2
              2
              2
              2
              2
              2
              2
              2
              2
              2
              2
              2
              2
              2
              2
              2
              2
              2
              2
              2
              2
              2
              2
              2
              2
              2
              2
              2
              2
              2
              2
              2
              2
              2
              2
              2
              2
              2
              2
              2
              2
              2
              2
              2
              2
              2
              2
              2
              2
              2
              2
              2
              2
              2
              2
              2
              2
              2
              2
              2
              2
              2
              2
              2
              2
              2
              2
              2
              2
              2
              2
              2
              2
              2
              2
              2
              2
              2
              2
              2
              2
              2
              2
              2
              2
              2
              2
              2
              2
              2
              2
              2
              2
              2
              2
       1.999999
       1.999999
       1.999999
       1.999998
       1.999997
       1.999995
       1.999992
       1.999989
       1.999983
       1.999975
       1.999963
       1.999946
       1.999922
       1.999887
       1.999839
       1.999772
       1.999679
       1.999552
       1.999378
       1.999144
       1.998831
       1.998414
       1.997864
       1.997146
       1.996213
       1.995014
       1.993484
       1.991547
       1.989117
       1.986093
       1.982361
       1.977795
       1.972256
       1.965593
        1.95765
       1.948261
       1.937261
       1.924487
       1.909783
       1.893011
        1.87405
       1.852809
       1.829232
       1.803302
       1.775046
       1.744545
       1.711928
       1.677379
       1.641132
       1.603468
       1.564711
       1.525218
        1.48537
       1.445561
        1.40619
       1.367643
       1.330285
        1.29445
       1.260431
       1.228471
       1.198761
       1.171433
       1.146566
       1.124182
        1.10425
       1.086698
       1.071411
       1.058246
       1.047036
       1.037599
       1.029746
       1.023286
       1.018035
       1.013817
       1.010469
       1.007844
        1.00581
       1.004254
       1.003078
       1.002201
       1.001555
       1.001085
       1.000748
       1.000509
       1.000342
       1.000227
       1.000148
       1.000096
       1.000061
       1.000038
       1.000024
       1.000014
       1.000009
       1.000005
       1.000003
       1.000002
       1.000001
       1.000001
              1
              1
              1
              1
              1
              1
              1
              1
              1
              1
              1
              1
              1
              1
              1
              1
              1
              1
              1
              1
              1
              1
              1
              1
              1
              1
              1
              1
              1
              1
              1
              1
              1
              1
              1
              1
              1
              1
              1
              1
              1
              1
              1
              1
              1
              1
              1
              1
              1
              1
              1
              1
              1
              1
              1
              1
              1
              1
              1
              1
              1
              1
              1
              1
              1
              1
              1
              1
              1
              1
              1
              1
              1
              1
              1
              1
              1
              1
              1
              1
              1
              1
              1
              1
              1
              1
              1
              1
              1
              1
              1
              1
              1
              1
              1
              1
              1
              1
              1
              1
              1
              1
              1
              1
              1
              1
              1
              1
              1
              1
              1
              1
              1
              1
              1
              1
              1
              1
              1
              1
              1
              1
              1
              1
              1
              1
              1
              1
              1
              1
              1
              1
              1
              1
              1
              1
              1
              1
              1
              1
              1
              1
              1
              1
              1
              1
              1
              1
              1
              1
              1
              1
              1
              1
              1
              1
              1
              1
              1
              1
              1
              1
              1
              1
              1
              1
              1
              1
              1
              1
              1
              1
              1
              1
              1
              1
              1
              1
              1
              1
              1
              1
              1
              1
              1
              1
              1
              1
              1
              1
              1
              1
              1
              1
              1
              1
              1
              1
              1
              1
              1
              1
              1
              1
              1
              1
              1
              1
              1
              1
              1
              1
              1
              1
              1
              1
              1
              1
              1
              1
              1
              1
              1
              1
              1
              1
              1
              1
              1
              1
              1
              1
              1
              1
              1
              1
              1
              1
              1
              1
              1
              1
              1
              1
              1
              1
              1
              1
              1
              1
              1
              1
              1
              1
              1
              1
              1
              1
              1
              1
              1
              1
              1
              1
              1
              1
              1
              1
              1
              1
              1
              1
              1
              1
              1
              1
              1
              1
              1
              1
              1
              1
              1
              1
              1
              1
              1
              1
              1
              1
              1
              1
              1
              1
              1
              1
              1
              1
              1
              1
              1
              1
              1
              1
              1
              1
              1
              1
              1
              1
              1
              1
              1
              1
              1
              1
              1
              1
              1
              1
              1
              1
              1
              1
              1
              1
              1
              1
              1
              1
              1
              1
              1
              1
              1
              1
              1
              1
              1
              1
              1
              1
              1
              1
              1
              1
              1
              1
              1
              1
              1
              1
              1
              1
