             20
       1.118655
       1.118687
       1.118741
       1.118816
       1.118915
       1.119035
       1.119177
       1.119342
       1.119528
       1.119737
       1.119967
       1.120219
       1.120494
       1.120789
       1.121107
       1.121445
       1.121806
       1.122187
        1.12259
       1.123014
       1.123459
       1.123924
       1.124411
       1.124918
       1.125445
       1.125993
        1.12656
       1.127148
       1.127756
       1.128383
        1.12903
       1.129696
       1.130381
       1.131085
       1.131808
        1.13255
        1.13331
       1.134088
       1.134885
       1.135699
       1.136531
       1.137381
       1.138248
       1.139132
       1.140033
       1.140951
       1.141886
       1.142837
       1.143804
       1.144787
       1.145786
       1.146801
       1.147831
       1.148877
       1.149937
       1.151013
       1.152104
       1.153209
       1.154328
       1.155462
       1.156609
       1.157771
       1.158946
       1.160135
       1.161338
       1.162553
       1.163782
       1.165024
       1.166279
       1.167546
       1.168826
       1.170118
       1.171422
       1.172739
       1.174067
       1.175408
        1.17676
       1.178123
       1.179499
       1.180885
       1.182283
       1.183692
       1.185112
       1.186543
       1.187985
       1.189437
       1.190901
       1.192374
       1.193859
       1.195353
       1.196858
       1.198373
       1.199899
       1.201434
       1.202979
       1.204535
         1.2061
       1.207675
       1.209259
       1.210854
       1.212458
       1.214071
       1.215694
       1.217327
       1.218968
        1.22062
        1.22228
        1.22395
       1.225628
       1.227316
       1.229014
        1.23072
       1.232435
       1.234159
       1.235892
       1.237634
       1.239385
       1.241145
       1.242914
       1.244691
       1.246477
       1.248272
       1.250075
       1.251888
       1.253708
       1.255538
       1.257376
       1.259222
       1.261077
       1.262941
       1.264813
       1.266693
       1.268582
       1.270479
       1.272385
       1.274299
       1.276221
       1.278151
        1.28009
       1.282037
       1.283992
       1.285955
       1.287926
       1.289906
       1.291894
       1.293889
       1.295893
       1.297905
       1.299924
       1.301952
       1.303987
       1.306031
       1.308082
       1.310141
       1.312208
       1.314283
       1.316365
       1.318456
       1.320553
       1.322659
       1.324772
       1.326893
       1.329021
       1.331157
         1.3333
        1.33545
       1.337608
       1.339774
       1.341947
       1.344127
       1.346314
       1.348508
        1.35071
       1.352919
       1.355135
       1.357357
       1.359587
       1.361824
       1.364068
       1.366319
       1.368576
       1.370841
       1.373112
       1.375389
       1.377674
       1.379965
       1.382262
       1.384566
       1.386877
       1.389193
       1.391517
       1.393846
       1.396182
       1.398524
       1.400872
       1.403226
       1.405586
       1.407953
       1.410325
       1.412703
       1.415086
       1.417476
       1.419871
       1.422272
       1.424678
        1.42709
       1.429507
        1.43193
       1.434358
       1.436791
        1.43923
       1.441673
       1.444122
       1.446575
       1.449034
       1.451497
       1.453965
       1.456438
       1.458916
       1.461398
       1.463884
       1.466375
       1.468871
        1.47137
       1.473874
       1.476382
       1.478894
       1.481411
       1.483931
       1.486454
       1.488982
       1.491513
       1.494048
       1.496587
       1.499128
       1.501674
       1.504222
       1.506774
       1.509329
       1.511887
       1.514447
       1.517011
       1.519578
       1.522147
       1.524719
       1.527293
        1.52987
       1.532449
        1.53503
       1.537614
       1.540199
       1.542787
       1.545377
       1.547968
       1.550561
       1.553156
       1.555752
        1.55835
       1.560949
       1.563549
       1.566151
       1.568753
       1.571357
       1.573961
       1.576567
       1.579172
       1.581779
       1.584386
       1.586993
       1.589601
       1.592209
       1.594817
       1.597425
       1.600033
       1.602641
       1.605248
       1.607855
       1.610461
       1.613067
       1.615672
       1.618277
        1.62088
       1.623482
       1.626084
       1.628684
       1.631282
        1.63388
       1.636475
       1.639069
       1.641662
       1.644252
        1.64684
       1.649427
       1.652011
       1.654593
       1.657172
       1.659749
       1.662323
       1.664894
       1.667463
       1.670029
       1.672591
       1.675151
       1.677707
        1.68026
       1.682809
       1.685355
       1.687896
       1.690434
       1.692968
       1.695498
       1.698024
       1.700546
       1.703063
       1.705575
       1.708083
       1.710586
       1.713085
       1.715578
       1.718066
       1.720549
       1.723027
       1.725499
       1.727966
       1.730427
       1.732883
       1.735332
       1.737776
       1.740213
       1.742644
       1.745069
       1.747487
       1.749899
       1.752304
       1.754702
       1.757093
       1.759478
       1.761855
       1.764225
       1.766587
       1.768942
        1.77129
       1.773629
       1.775961
       1.778285
       1.780601
       1.782909
       1.785209
         1.7875
       1.789782
       1.792056
       1.794322
       1.796578
       1.798826
       1.801064
       1.803293
       1.805513
       1.807724
       1.809925
       1.812116
       1.814298
        1.81647
       1.818632
       1.820784
       1.822925
       1.825057
       1.827178
       1.829288
       1.831388
       1.833477
       1.835556
       1.837623
        1.83968
       1.841725
       1.843759
       1.845782
       1.847793
       1.849793
       1.851781
       1.853757
       1.855722
       1.857674
       1.859614
       1.861543
       1.863459
       1.865362
       1.867253
       1.869132
       1.870997
        1.87285
       1.874691
       1.876518
       1.878332
       1.880133
        1.88192
       1.883695
       1.885455
       1.887203
       1.888936
       1.890656
       1.892362
       1.894054
       1.895733
       1.897397
       1.899046
       1.900682
       1.902303
        1.90391
       1.905502
       1.907079
       1.908642
        1.91019
       1.911723
       1.913241
       1.914744
       1.916232
       1.917705
       1.919162
       1.920604
       1.922031
       1.923442
       1.924837
       1.926217
        1.92758
       1.928928
        1.93026
       1.931577
       1.932877
        1.93416
       1.935428
       1.936679
       1.937914
       1.939133
       1.940335
        1.94152
       1.942689
       1.943841
       1.944976
       1.946095
       1.947197
       1.948281
       1.949349
         1.9504
       1.951433
       1.952449
       1.953448
        1.95443
       1.955394
       1.956341
       1.957271
       1.958183
       1.959077
       1.959954
       1.960813
       1.961654
       1.962478
       1.963284
       1.964071
       1.964841
       1.965593
       1.966327
       1.967043
       1.967741
       1.968421
       1.969083
       1.969726
       1.970351
       1.970958
       1.971547
       1.972117
       1.972669
       1.973203
       1.973718
       1.974214
       1.974693
       1.975152
       1.975593
       1.976016
        1.97642
       1.976805
       1.977172
        1.97752
       1.977849
        1.97816
       1.978451
       1.978725
       1.978979
       1.979215
       1.979431
        1.97963
       1.979809
       1.979969
       1.980111
       1.980234
       1.980338
       1.980423
       1.980489
       1.980537
       1.980565
       1.980575
       1.980566
       1.980538
       1.980491
       1.980425
       1.980341
       1.980237
       1.980115
       1.979974
       1.979814
       1.979635
       1.979438
       1.979222
       1.978987
       1.978733
        1.97846
       1.978169
       1.977859
        1.97753
       1.977183
       1.976816
       1.976432
       1.976028
       1.975606
       1.975166
       1.974707
       1.974229
       1.973733
       1.973219
       1.972686
       1.972134
       1.971565
       1.970977
        1.97037
       1.969746
       1.969103
       1.968442
       1.967762
       1.967065
        1.96635
       1.965616
       1.964865
       1.964095
       1.963308
       1.962503
       1.961679
       1.960839
        1.95998
       1.959104
        1.95821
       1.957299
        1.95637
       1.955423
       1.954459
       1.953478
        1.95248
       1.951464
       1.950431
       1.949381
       1.948314
       1.947229
       1.946128
        1.94501
       1.943875
       1.942724
       1.941555
        1.94037
       1.939169
       1.937951
       1.936716
       1.935465
       1.934198
       1.932915
       1.931615
         1.9303
       1.928968
       1.927621
       1.926257
       1.924878
       1.923483
       1.922073
       1.920647
       1.919205
       1.917748
       1.916276
       1.914788
       1.913286
       1.911768
       1.910235
       1.908688
       1.907125
       1.905548
       1.903956
        1.90235
       1.900729
       1.899094
       1.897445
       1.895781
       1.894103
       1.892411
       1.890706
       1.888986
       1.887253
       1.885506
       1.883745
       1.881971
       1.880184
       1.878383
        1.87657
       1.874743
       1.872903
        1.87105
       1.869185
       1.867306
       1.865416
       1.863512
       1.861597
       1.859669
       1.857729
       1.855776
       1.853812
       1.851836
       1.849848
       1.847849
       1.845838
       1.843815
       1.841781
       1.839736
        1.83768
       1.835613
       1.833535
       1.831446
       1.829346
       1.827235
       1.825115
       1.822983
       1.820842
        1.81869
       1.816528
       1.814357
       1.812175
       1.809984
       1.807783
       1.805572
       1.803353
       1.801123
       1.798885
       1.796638
       1.794381
       1.792116
       1.789842
        1.78756
       1.785269
       1.782969
       1.780662
       1.778346
       1.776022
        1.77369
        1.77135
       1.769003
       1.766648
       1.764285
       1.761916
       1.759538
       1.757154
       1.754763
       1.752365
        1.74996
       1.747548
        1.74513
       1.742705
       1.740274
       1.737836
       1.735393
       1.732943
       1.730488
       1.728027
        1.72556
       1.723088
        1.72061
       1.718127
       1.715639
       1.713145
       1.710647
       1.708144
       1.705636
       1.703123
       1.700606
       1.698084
       1.695558
       1.693028
       1.690494
       1.687956
       1.685414
       1.682868
       1.680319
       1.677766
        1.67521
        1.67265
       1.670088
       1.667522
       1.664953
       1.662381
       1.659807
        1.65723
       1.654651
       1.652069
       1.649484
       1.646898
       1.644309
       1.641719
       1.639126
       1.636532
       1.633936
       1.631339
        1.62874
        1.62614
       1.623538
       1.620936
       1.618332
       1.615728
       1.613122
       1.610516
        1.60791
       1.605302
       1.602695
       1.600087
       1.597479
        1.59487
       1.592262
       1.589654
       1.587046
       1.584439
       1.581831
       1.579224
       1.576618
       1.574013
       1.571408
       1.568804
       1.566201
         1.5636
       1.560999
         1.5584
       1.555802
       1.553205
        1.55061
       1.548017
       1.545425
       1.542835
       1.540247
       1.537661
       1.535077
       1.532496
       1.529916
       1.527339
       1.524765
       1.522193
       1.519623
       1.517056
       1.514492
       1.511931
       1.509373
       1.506818
       1.504266
       1.501717
       1.499171
       1.496629
       1.494091
       1.491555
       1.489024
       1.486496
       1.483972
       1.481451
       1.478935
       1.476422
       1.473914
        1.47141
        1.46891
       1.466414
       1.463923
       1.461436
       1.458953
       1.456476
       1.454002
       1.451534
        1.44907
       1.446611
       1.444157
       1.441708
       1.439264
       1.436826
       1.434392
       1.431964
       1.429541
       1.427123
       1.424711
       1.422304
       1.419903
       1.417508
       1.415118
       1.412734
       1.410355
       1.407983
       1.405616
       1.403256
       1.400901
       1.398553
       1.396211
       1.393874
       1.391545
       1.389221
       1.386904
       1.384593
       1.382289
       1.379991
       1.377699
       1.375415
       1.373137
       1.370865
       1.368601
       1.366343
       1.364092
       1.361848
        1.35961
        1.35738
       1.355157
       1.352941
       1.350732
        1.34853
       1.346335
       1.344147
       1.341967
       1.339794
       1.337628
        1.33547
       1.333319
       1.331176
        1.32904
       1.326911
        1.32479
       1.322677
       1.320571
       1.318473
       1.316383
         1.3143
       1.312225
       1.310158
       1.308098
       1.306047
       1.304003
       1.301967
        1.29994
        1.29792
       1.295908
       1.293904
       1.291908
       1.289921
       1.287941
       1.285969
       1.284006
       1.282051
       1.280104
       1.278165
       1.276235
       1.274313
       1.272399
       1.270493
       1.268596
       1.266707
       1.264827
       1.262955
       1.261092
       1.259237
       1.257391
       1.255553
       1.253724
       1.251903
       1.250091
       1.248288
       1.246494
       1.244708
       1.242931
       1.241163
       1.239404
       1.237653
       1.235912
       1.234179
       1.232455
       1.230741
       1.229035
       1.227339
       1.225652
       1.223974
       1.222305
       1.220645
       1.218995
       1.217354
       1.215722
         1.2141
       1.212488
       1.210885
       1.209292
       1.207708
       1.206134
       1.204571
       1.203016
       1.201472
       1.199938
       1.198414
         1.1969
       1.195397
       1.193904
       1.192421
       1.190948
       1.189487
       1.188036
       1.186595
       1.185166
       1.183747
        1.18234
       1.180944
       1.179559
       1.178185
       1.176823
       1.175473
       1.174134
       1.172807
       1.171492
       1.170189
       1.168899
       1.167621
       1.166355
       1.165102
       1.163862
       1.162634
        1.16142
       1.160219
       1.159032
       1.157858
       1.156697
       1.155551
       1.154418
         1.1533
       1.152196
       1.151107
       1.150032
       1.148972
       1.147927
       1.146898
       1.145884
       1.144885
       1.143903
       1.142936
       1.141985
       1.141051
       1.140133
       1.139232
       1.138348
        1.13748
       1.136631
       1.135798
       1.134983
       1.134186
       1.133407
       1.132646
       1.131903
       1.131179
       1.130474
       1.129787
        1.12912
       1.128472
       1.127843
       1.127233
       1.126644
       1.126074
       1.125524
       1.124995
       1.124485
       1.123997
       1.123529
       1.123081
       1.122654
       1.122249
       1.121864
       1.121501
       1.121159
       1.120839
        1.12054
       1.120262
       1.120007
       1.119773
       1.119561
       1.119371
       1.119203
       1.119057
       1.118933
       1.118831
       1.118752
       1.118694
       1.118659
       1.118646
