            100
       1.186269
        1.18629
       1.186324
       1.186374
       1.186437
       1.186516
       1.186608
       1.186715
       1.186836
       1.186971
       1.187121
       1.187285
       1.187464
       1.187657
       1.187864
       1.188085
       1.188321
       1.188571
       1.188835
       1.189114
       1.189406
       1.189713
       1.190034
        1.19037
       1.190719
       1.191083
       1.191461
       1.191852
       1.192258
       1.192678
       1.193113
       1.193561
       1.194023
       1.194499
       1.194989
       1.195493
       1.196011
       1.196543
       1.197088
       1.197648
       1.198221
       1.198808
       1.199409
       1.200023
       1.200651
       1.201293
       1.201948
       1.202617
         1.2033
       1.203996
       1.204705
       1.205428
       1.206164
       1.206914
       1.207677
       1.208453
       1.209243
       1.210046
       1.210862
       1.211691
       1.212533
       1.213388
       1.214257
       1.215138
       1.216032
       1.216939
       1.217859
       1.218792
       1.219737
       1.220695
       1.221666
        1.22265
       1.223646
       1.224654
       1.225676
       1.226709
       1.227755
       1.228813
       1.229884
       1.230966
       1.232061
       1.233168
       1.234288
       1.235419
       1.236562
       1.237717
       1.238884
       1.240063
       1.241254
       1.242456
        1.24367
       1.244896
       1.246133
       1.247381
       1.248642
       1.249913
       1.251196
        1.25249
       1.253796
       1.255112
        1.25644
       1.257779
       1.259128
       1.260489
       1.261861
       1.263243
       1.264636
        1.26604
       1.267455
        1.26888
       1.270315
       1.271761
       1.273218
       1.274685
       1.276162
        1.27765
       1.279147
       1.280655
       1.282173
       1.283701
       1.285238
       1.286786
       1.288343
        1.28991
       1.291487
       1.293073
       1.294669
       1.296275
        1.29789
       1.299514
       1.301148
        1.30279
       1.304442
       1.306103
       1.307774
       1.309453
       1.311141
       1.312838
       1.314543
       1.316258
       1.317981
       1.319712
       1.321453
       1.323201
       1.324958
       1.326724
       1.328497
       1.330279
       1.332069
       1.333867
       1.335674
       1.337488
       1.339309
       1.341139
       1.342977
       1.344822
       1.346674
       1.348535
       1.350402
       1.352277
        1.35416
        1.35605
       1.357946
       1.359851
       1.361762
        1.36368
       1.365605
       1.367537
       1.369475
       1.371421
       1.373373
       1.375331
       1.377297
       1.379268
       1.381246
        1.38323
       1.385221
       1.387218
        1.38922
       1.391229
       1.393244
       1.395265
       1.397291
       1.399323
       1.401361
       1.403405
       1.405454
       1.407508
       1.409568
       1.411633
       1.413704
        1.41578
        1.41786
       1.419946
       1.422037
       1.424132
       1.426233
       1.428338
       1.430448
       1.432562
       1.434681
       1.436805
       1.438933
       1.441065
       1.443201
       1.445342
       1.447487
       1.449635
       1.451788
       1.453944
       1.456104
       1.458268
       1.460436
       1.462607
       1.464782
        1.46696
       1.469141
       1.471326
       1.473514
       1.475705
       1.477899
       1.480096
       1.482296
       1.484499
       1.486704
       1.488912
       1.491123
       1.493336
       1.495551
       1.497769
       1.499989
       1.502212
       1.504436
       1.506663
       1.508891
       1.511122
       1.513354
       1.515588
       1.517823
        1.52006
       1.522299
       1.524539
        1.52678
       1.529023
       1.531266
       1.533511
       1.535757
       1.538004
       1.540251
       1.542499
       1.544748
       1.546998
       1.549248
       1.551499
       1.553749
       1.556001
       1.558252
       1.560503
       1.562755
       1.565006
       1.567257
       1.569508
       1.571759
       1.574009
       1.576259
       1.578509
       1.580757
       1.583005
       1.585252
       1.587498
       1.589744
       1.591988
       1.594231
       1.596473
       1.598713
       1.600952
        1.60319
       1.605426
        1.60766
       1.609893
       1.612123
       1.614352
       1.616579
       1.618804
       1.621027
       1.623247
       1.625465
       1.627681
       1.629894
       1.632104
       1.634312
       1.636517
       1.638719
       1.640918
       1.643115
       1.645308
       1.647498
       1.649684
       1.651867
       1.654047
       1.656223
       1.658396
       1.660565
        1.66273
       1.664891
       1.667048
       1.669201
        1.67135
       1.673494
       1.675634
        1.67777
       1.679902
       1.682028
        1.68415
       1.686268
        1.68838
       1.690488
        1.69259
       1.694687
       1.696779
       1.698866
       1.700948
       1.703024
       1.705094
       1.707159
       1.709218
       1.711271
       1.713318
        1.71536
       1.717395
       1.719424
       1.721447
       1.723463
       1.725473
       1.727477
       1.729474
       1.731464
       1.733448
       1.735424
       1.737394
       1.739357
       1.741312
       1.743261
       1.745202
       1.747136
       1.749062
       1.750981
       1.752892
       1.754796
       1.756691
       1.758579
       1.760459
       1.762331
       1.764195
       1.766051
       1.767898
       1.769737
       1.771567
       1.773389
       1.775203
       1.777008
       1.778804
       1.780591
       1.782369
       1.784138
       1.785898
       1.787649
       1.789391
       1.791123
       1.792846
        1.79456
       1.796264
       1.797958
       1.799643
       1.801318
       1.802982
       1.804637
       1.806282
       1.807917
       1.809542
       1.811157
       1.812761
       1.814355
       1.815938
       1.817511
       1.819073
       1.820624
       1.822165
       1.823695
       1.825214
       1.826722
       1.828219
       1.829705
       1.831179
       1.832643
       1.834095
       1.835536
       1.836965
       1.838383
       1.839789
       1.841183
       1.842566
       1.843937
       1.845296
       1.846644
       1.847979
       1.849302
       1.850613
       1.851912
       1.853199
       1.854473
       1.855735
       1.856985
       1.858222
       1.859447
       1.860659
       1.861858
       1.863045
       1.864219
        1.86538
       1.866528
       1.867663
       1.868786
       1.869895
       1.870991
       1.872074
       1.873144
         1.8742
       1.875244
       1.876273
        1.87729
       1.878293
       1.879282
       1.880258
       1.881221
        1.88217
       1.883105
       1.884026
       1.884933
       1.885827
       1.886707
       1.887573
       1.888425
       1.889262
       1.890086
       1.890896
       1.891692
       1.892473
       1.893241
       1.893994
       1.894732
       1.895457
       1.896167
       1.896863
       1.897544
       1.898211
       1.898863
       1.899501
       1.900125
       1.900733
       1.901327
       1.901907
       1.902472
       1.903022
       1.903557
       1.904078
       1.904584
       1.905075
       1.905551
       1.906013
       1.906459
       1.906891
       1.907308
       1.907709
       1.908096
       1.908468
       1.908825
       1.909167
       1.909494
       1.909806
       1.910102
       1.910384
        1.91065
       1.910902
       1.911138
        1.91136
       1.911566
       1.911757
       1.911932
       1.912093
       1.912238
       1.912369
       1.912484
       1.912584
       1.912668
       1.912738
       1.912792
       1.912831
       1.912855
       1.912863
       1.912857
       1.912835
       1.912798
       1.912746
       1.912678
       1.912596
       1.912498
       1.912385
       1.912257
       1.912113
       1.911955
       1.911781
       1.911592
       1.911388
       1.911169
       1.910934
       1.910685
        1.91042
       1.910141
       1.909846
       1.909536
       1.909211
       1.908871
       1.908516
       1.908147
       1.907762
       1.907362
       1.906947
       1.906517
       1.906073
       1.905613
       1.905139
        1.90465
       1.904146
       1.903627
       1.903094
       1.902545
       1.901982
       1.901405
       1.900813
       1.900206
       1.899584
       1.898948
       1.898298
       1.897633
       1.896953
       1.896259
       1.895551
       1.894829
       1.894092
        1.89334
       1.892575
       1.891795
       1.891001
       1.890193
       1.889371
       1.888535
       1.887685
       1.886821
       1.885943
       1.885051
       1.884145
       1.883225
       1.882292
       1.881345
       1.880384
        1.87941
       1.878422
       1.877421
       1.876406
       1.875378
       1.874336
       1.873281
       1.872213
       1.871132
       1.870037
        1.86893
       1.867809
       1.866675
       1.865528
       1.864369
       1.863196
       1.862011
       1.860813
       1.859603
        1.85838
       1.857144
       1.855896
       1.854635
       1.853362
       1.852077
       1.850779
       1.849469
       1.848148
       1.846814
       1.845468
        1.84411
        1.84274
       1.841359
       1.839965
       1.838561
       1.837144
       1.835716
       1.834277
       1.832826
       1.831363
        1.82989
       1.828405
       1.826909
       1.825402
       1.823885
       1.822356
       1.820816
       1.819266
       1.817705
       1.816133
       1.814551
       1.812958
       1.811355
       1.809741
       1.808117
       1.806484
       1.804839
       1.803185
       1.801521
       1.799847
       1.798164
        1.79647
       1.794767
       1.793055
       1.791332
       1.789601
        1.78786
        1.78611
        1.78435
       1.782582
       1.780805
       1.779018
       1.777223
       1.775419
       1.773606
       1.771785
       1.769955
       1.768117
        1.76627
       1.764415
       1.762552
        1.76068
       1.758801
       1.756914
       1.755018
       1.753115
       1.751205
       1.749286
        1.74736
       1.745427
       1.743486
       1.741538
       1.739583
       1.737621
       1.735651
       1.733675
       1.731692
       1.729702
       1.727705
       1.725702
       1.723692
       1.721676
       1.719654
       1.717625
        1.71559
       1.713549
       1.711502
       1.709449
        1.70739
       1.705325
       1.703255
       1.701179
       1.699098
       1.697011
       1.694919
       1.692822
        1.69072
       1.688613
         1.6865
       1.684383
       1.682261
       1.680134
       1.678003
       1.675867
       1.673727
       1.671582
       1.669433
        1.66728
       1.665123
       1.662962
       1.660797
       1.658628
       1.656455
       1.654279
       1.652099
       1.649916
       1.647729
       1.645539
       1.643346
        1.64115
        1.63895
       1.636748
       1.634543
       1.632335
       1.630124
       1.627911
       1.625695
       1.623477
       1.621256
       1.619033
       1.616808
       1.614581
       1.612352
       1.610121
       1.607888
       1.605653
       1.603417
       1.601179
        1.59894
       1.596699
       1.594457
       1.592213
       1.589969
       1.587723
       1.585477
       1.583229
       1.580981
       1.578732
       1.576482
       1.574232
       1.571981
        1.56973
       1.567479
       1.565227
       1.562975
       1.560724
       1.558472
        1.55622
       1.553968
       1.551717
       1.549466
       1.547216
       1.544966
       1.542716
       1.540468
        1.53822
       1.535972
       1.533726
       1.531481
       1.529237
       1.526994
       1.524752
       1.522512
       1.520273
       1.518035
       1.515799
       1.513565
       1.511332
       1.509101
       1.506872
       1.504645
       1.502421
       1.500198
       1.497977
       1.495759
       1.493543
       1.491329
       1.489118
       1.486909
       1.484703
         1.4825
         1.4803
       1.478103
       1.475908
       1.473717
       1.471528
       1.469343
       1.467161
       1.464983
       1.462808
       1.460636
       1.458468
       1.456304
       1.454143
       1.451986
       1.449833
       1.447684
       1.445539
       1.443398
       1.441261
       1.439129
          1.437
       1.434876
       1.432757
       1.430642
       1.428532
       1.426426
       1.424325
       1.422229
       1.420138
       1.418052
       1.415971
       1.413895
       1.411824
       1.409758
       1.407698
       1.405643
       1.403594
        1.40155
       1.399512
       1.397479
       1.395452
       1.393431
       1.391416
       1.389407
       1.387404
       1.385407
       1.383416
       1.381431
       1.379453
       1.377481
       1.375516
       1.373557
       1.371604
       1.369658
       1.367719
       1.365787
       1.363862
       1.361943
       1.360032
       1.358128
        1.35623
        1.35434
       1.352457
       1.350582
       1.348714
       1.346853
          1.345
       1.343155
       1.341317
       1.339487
       1.337665
        1.33585
       1.334044
       1.332246
       1.330455
       1.328673
       1.326899
       1.325133
       1.323376
       1.321627
       1.319886
       1.318154
       1.316431
       1.314716
        1.31301
       1.311313
       1.309624
       1.307945
       1.306274
       1.304613
        1.30296
       1.301317
       1.299683
       1.298058
       1.296443
       1.294837
       1.293241
       1.291654
       1.290076
       1.288509
       1.286951
       1.285403
       1.283865
       1.282336
       1.280818
        1.27931
       1.277812
       1.276324
       1.274846
       1.273378
       1.271921
       1.270474
       1.269038
       1.267612
       1.266197
       1.264793
       1.263399
       1.262016
       1.260643
       1.259282
       1.257931
       1.256592
       1.255264
       1.253946
        1.25264
       1.251345
       1.250061
       1.248789
       1.247528
       1.246278
        1.24504
       1.243814
       1.242599
       1.241396
       1.240204
       1.239024
       1.237856
         1.2367
       1.235556
       1.234424
       1.233304
       1.232196
         1.2311
       1.230016
       1.228944
       1.227885
       1.226838
       1.225803
       1.224781
       1.223771
       1.222774
       1.221789
       1.220817
       1.219858
       1.218911
       1.217977
       1.217056
       1.216147
       1.215252
       1.214369
       1.213499
       1.212643
       1.211799
       1.210969
       1.210151
       1.209347
       1.208556
       1.207778
       1.207014
       1.206262
       1.205525
         1.2048
       1.204089
       1.203391
       1.202707
       1.202037
        1.20138
       1.200736
       1.200107
        1.19949
       1.198888
       1.198299
       1.197724
       1.197163
       1.196616
       1.196082
       1.195563
       1.195057
       1.194565
       1.194087
       1.193623
       1.193173
       1.192737
       1.192315
       1.191908
       1.191514
       1.191134
       1.190769
       1.190417
        1.19008
       1.189757
       1.189448
       1.189154
       1.188873
       1.188607
       1.188355
       1.188117
       1.187894
       1.187685
        1.18749
       1.187309
       1.187143
       1.186992
       1.186854
       1.186731
       1.186622
       1.186528
       1.186448
       1.186382
       1.186331
       1.186294
       1.186271
       1.186263
