              1
              1
              1
              1
              1
              1
              1
              1
              1
              1
              1
              1
              1
              1
              1
              1
              1
              1
              1
              1
              1
              1
              1
              1
              1
              1
              1
              1
              1
              1
              1
              1
              1
              1
              1
              1
              1
              1
              1
              1
              1
              1
              1
              1
              1
              1
              1
              1
              1
              1
              1
              1
              1
              1
              1
              1
              1
              1
              1
              1
              1
              1
              1
              1
              1
              1
              1
              1
              1
              1
              1
              1
              1
              1
              1
              1
              1
              1
              1
              1
              1
              1
              1
              1
              1
              1
              1
              1
              1
              1
              1
              1
              1
              1
              1
              1
              1
              1
              1
              1
              1
              1
              1
              1
              1
              1
              1
              1
              1
              1
              1
              1
              1
              1
              1
              1
              1
              1
              1
              1
              1
              1
              1
              1
              1
              1
              1
              1
              1
              1
              1
              1
              1
              1
              1
              1
              1
              1
              1
              1
              1
              1
              1
              1
              1
              1
              1
              1
              1
              1
              1
              1
              1
              1
              1
              1
              1
              1
              1
              1
              1
              1
              1
              1
              1
              1
              1
              1
              1
              1
              1
              1
              1
              1
              1
              1
              1
              1
              1
              1
              1
              1
              1
              1
              1
              1
              1
              1
              1
              1
              1
              1
              1
              1
              1
              1
              1
              1
              1
              1
              1
              1
              1
              1
              1
              1
              1
              1
              1
              1
              1
              1
              1
              1
              1
              1
              1
              1
              1
              1
              1
              1
              1
              1
              1
              1
              1
              1
              1
              1
              1
              1
              1
              1
              1
              1
              1
              1
              1
              1
              1
              1
              1
              1
              1
              1
              1
              1
              1
       1.000001
       1.000001
       1.000001
       1.000002
       1.000003
       1.000005
       1.000008
       1.000011
       1.000017
       1.000025
       1.000037
       1.000054
       1.000079
       1.000113
       1.000162
       1.000229
       1.000323
       1.000451
       1.000625
       1.000861
       1.001177
       1.001596
       1.002149
       1.002873
       1.003811
       1.005019
        1.00656
       1.008511
        1.01096
       1.014008
        1.01777
       1.022374
        1.02796
       1.034681
       1.042696
       1.052173
        1.06328
       1.076182
       1.091039
       1.107994
       1.127169
       1.148659
       1.172527
       1.198792
       1.227429
       1.258365
       1.291471
       1.326569
       1.363426
       1.401764
       1.441261
       1.481562
       1.522285
       1.563036
       1.603416
       1.643039
       1.681535
       1.718569
       1.753846
       1.787117
        1.81819
       1.846926
       1.873243
       1.897117
       1.918571
       1.937676
       1.954542
       1.969308
       1.982138
       1.993211
       2.002713
       2.010833
       2.017754
       2.023648
       2.028679
       2.032991
       2.036714
       2.039963
       2.042834
       2.045407
       2.047751
       2.049919
       2.051955
       2.053893
       2.055759
       2.057574
       2.059352
       2.061105
       2.062839
       2.064562
       2.066276
       2.067986
       2.069691
       2.071395
       2.073097
       2.074798
       2.076499
       2.078199
         2.0799
         2.0816
         2.0833
          2.085
         2.0867
         2.0884
         2.0901
         2.0918
         2.0935
         2.0952
         2.0969
         2.0986
         2.1003
          2.102
         2.1037
         2.1054
         2.1071
         2.1088
         2.1105
         2.1122
         2.1139
         2.1156
         2.1173
          2.119
         2.1207
         2.1224
         2.1241
         2.1258
         2.1275
         2.1292
         2.1309
         2.1326
         2.1343
          2.136
         2.1377
         2.1394
         2.1411
         2.1428
         2.1445
         2.1462
         2.1479
         2.1496
         2.1513
          2.153
         2.1547
         2.1564
         2.1581
         2.1598
         2.1615
         2.1632
         2.1649
         2.1666
         2.1683
           2.17
         2.1717
         2.1734
         2.1751
         2.1768
         2.1785
         2.1802
         2.1819
         2.1836
         2.1853
          2.187
         2.1887
         2.1904
         2.1921
         2.1938
         2.1955
         2.1972
         2.1989
         2.2006
         2.2023
          2.204
         2.2057
         2.2074
         2.2091
         2.2108
         2.2125
         2.2142
         2.2159
         2.2176
         2.2193
          2.221
         2.2227
         2.2244
         2.2261
         2.2278
         2.2295
         2.2312
         2.2329
         2.2346
         2.2363
          2.238
         2.2397
         2.2414
         2.2431
         2.2448
         2.2465
         2.2482
         2.2499
         2.2516
         2.2533
          2.255
         2.2567
         2.2584
         2.2601
         2.2618
         2.2635
         2.2652
         2.2669
         2.2686
         2.2703
          2.272
         2.2737
         2.2754
         2.2771
         2.2788
         2.2805
         2.2822
         2.2839
         2.2856
         2.2873
          2.289
         2.2907
         2.2924
         2.2941
         2.2958
         2.2975
         2.2992
         2.3009
         2.3026
         2.3043
          2.306
         2.3077
         2.3094
         2.3111
         2.3128
         2.3145
         2.3162
         2.3179
         2.3196
         2.3213
          2.323
         2.3247
         2.3264
         2.3281
         2.3298
         2.3315
         2.3332
         2.3349
         2.3366
         2.3383
           2.34
         2.3417
         2.3434
         2.3451
         2.3468
         2.3485
         2.3502
         2.3519
         2.3536
         2.3553
          2.357
         2.3587
         2.3604
         2.3621
         2.3638
         2.3655
         2.3672
         2.3689
         2.3706
         2.3723
          2.374
         2.3757
         2.3774
         2.3791
         2.3808
         2.3825
         2.3842
         2.3859
         2.3876
         2.3893
          2.391
         2.3927
         2.3944
         2.3961
         2.3978
         2.3995
         2.4012
         2.4029
         2.4046
         2.4063
          2.408
         2.4097
         2.4114
         2.4131
         2.4148
         2.4165
         2.4182
         2.4199
       2.421599
       2.423299
       2.424999
       2.426698
       2.428397
       2.430095
       2.431792
       2.433488
       2.435183
       2.436874
       2.438562
       2.440244
       2.441918
       2.443581
       2.445229
       2.446856
       2.448454
       2.450014
        2.45152
       2.452958
       2.454303
       2.455527
       2.456595
       2.457461
       2.458071
       2.458357
       2.458238
       2.457616
       2.456378
        2.45439
       2.451499
       2.447534
       2.442302
        2.43559
       2.427172
       2.416805
        2.40424
       2.389224
       2.371506
        2.35085
       2.327042
       2.299897
       2.269273
       2.235082
       2.197292
       2.155944
       2.111153
       2.063112
       2.012095
       1.958451
       1.902605
       1.845042
       1.786299
       1.726954
       1.667601
       1.608841
       1.551259
        1.49541
       1.441801
       1.390874
       1.343003
       1.298478
       1.257505
       1.220205
       1.186616
       1.156697
        1.13034
       1.107378
       1.087598
        1.07075
       1.056565
       1.044757
       1.035043
       1.027145
       1.020799
       1.015761
        1.01181
       1.008749
       1.006406
       1.004636
       1.003315
       1.002342
       1.001634
       1.001126
       1.000767
       1.000515
       1.000342
       1.000224
       1.000144
       1.000092
       1.000058
       1.000036
       1.000022
       1.000013
       1.000008
       1.000005
       1.000003
       1.000001
       1.000001
              1
              1
              1
              1
              1
              1
              1
              1
              1
              1
              1
              1
              1
              1
              1
              1
              1
              1
              1
              1
              1
              1
              1
              1
              1
              1
              1
              1
              1
              1
              1
              1
              1
              1
              1
              1
              1
              1
              1
              1
              1
              1
              1
              1
              1
              1
              1
              1
              1
              1
              1
              1
              1
              1
              1
              1
              1
              1
              1
              1
              1
              1
              1
              1
              1
              1
              1
              1
              1
              1
              1
              1
              1
              1
              1
              1
              1
              1
              1
              1
              1
              1
              1
              1
              1
              1
              1
              1
              1
              1
              1
              1
              1
              1
              1
              1
              1
              1
              1
              1
              1
              1
              1
              1
              1
              1
              1
              1
              1
              1
              1
              1
              1
              1
              1
              1
              1
              1
              1
              1
              1
              1
              1
              1
              1
              1
              1
              1
              1
              1
              1
              1
              1
              1
              1
              1
              1
              1
              1
              1
              1
              1
              1
              1
              1
              1
              1
              1
              1
              1
              1
              1
              1
              1
              1
              1
              1
              1
              1
              1
              1
              1
              1
              1
              1
              1
              1
              1
              1
              1
              1
              1
              1
              1
              1
              1
              1
              1
              1
              1
              1
              1
              1
              1
              1
              1
              1
              1
              1
              1
              1
              1
              1
              1
              1
              1
              1
              1
              1
              1
              1
              1
              1
              1
              1
              1
              1
              1
              1
              1
              1
              1
              1
              1
              1
              1
              1
              1
              1
              1
              1
              1
              1
              1
              1
              1
              1
              1
              1
              1
              1
              1
              1
              1
              1
              1
              1
              1
              1
              1
              1
              1
              1
              1
              1
              1
              1
              1
              1
              1
              1
              1
              1
              1
              1
              1
              1
              1
              1
              1
              1
              1
              1
              1
              1
              1
              1
              1
              1
              1
              1
              1
              1
              1
              1
              1
              1
              1
              1
              1
              1
              1
              1
              1
              1
              1
              1
              1
              1
              1
              1
              1
              1
              1
              1
              1
              1
              1
              1
              1
              1
              1
              1
              1
              1
              1
              1
              1
              1
              1
              1
              1
              1
              1
              1
              1
              1
              1
              1
              1
              1
              1
              1
              1
              1
              1
              1
              1
              1
              1
              1
              1
              1
              1
              1
              1
              1
              1
              1
              1
              1
              1
              1
              1
              1
              1
              1
              1
              1
              1
              1
              1
              1
              1
