             10
       1.002324
       1.003096
       1.004102
         1.0054
       1.007058
       1.009159
       1.011798
       1.015087
        1.01915
       1.024128
       1.030177
       1.037463
       1.046168
       1.056478
       1.068585
        1.08268
       1.098949
       1.117565
       1.138679
       1.162418
       1.188874
       1.218097
       1.250092
       1.284809
       1.322142
       1.361926
       1.403939
       1.447901
       1.493478
       1.540291
       1.587918
        1.63591
       1.683792
       1.731082
       1.777292
       1.821946
       1.864581
       1.904758
       1.942066
       1.976126
       2.006593
       2.033157
       2.055546
        2.07352
       2.086876
       2.095445
       2.099097
       2.097735
       2.091306
       2.079801
        2.06326
       2.041777
       2.015505
        1.98466
       1.949524
       1.910447
       1.867844
       1.822191
       1.774019
       1.723904
       1.672454
       1.620294
       1.568052
       1.516344
        1.46575
       1.416809
       1.369998
       1.325723
       1.284313
       1.246012
       1.210981
       1.179298
       1.150962
       1.125904
       1.103996
       1.085058
       1.068875
       1.055206
       1.043793
       1.034376
       1.026696
       1.020509
       1.015583
        1.01171
       1.008702
       1.006396
       1.004651
       1.003349
       1.002394
       1.001706
       1.001224
       1.000899
       1.000698
       1.000595
       1.000576
       1.000633
       1.000767
       1.000985
       1.001302
       1.001738
