              2
       1.118194
       1.121335
       1.126679
       1.134083
       1.143356
        1.15428
       1.166639
       1.180241
       1.194933
       1.210606
       1.227187
       1.244633
       1.262919
       1.282028
        1.30194
       1.322636
       1.344088
       1.366262
       1.389118
       1.412607
       1.436675
       1.461261
       1.486297
       1.511709
       1.537416
       1.563332
       1.589365
       1.615419
       1.641392
       1.667178
        1.69267
       1.717757
       1.742325
        1.76626
        1.78945
       1.811781
       1.833141
       1.853423
        1.87252
       1.890333
       1.906765
       1.921728
       1.935139
       1.946923
       1.957015
       1.965358
       1.971903
       1.976614
       1.979463
       1.980434
        1.97952
       1.976728
       1.972073
       1.965582
       1.957291
       1.947248
        1.93551
       1.922142
       1.907218
       1.890821
       1.873039
       1.853967
       1.833707
       1.812363
       1.790044
       1.766861
       1.742927
       1.718356
       1.693263
        1.66776
       1.641958
       1.615966
        1.58989
       1.563831
       1.537888
        1.51215
       1.486707
       1.461637
       1.437017
       1.412914
        1.38939
         1.3665
       1.344293
       1.322812
       1.302093
        1.28217
        1.26307
       1.244823
       1.227457
       1.211008
       1.195521
        1.18106
       1.167708
       1.155575
       1.144799
       1.135545
       1.127994
       1.122333
       1.118733
       1.117328
