              5
       1.000046
       1.000077
       1.000126
       1.000204
       1.000326
       1.000514
       1.000801
        1.00123
       1.001863
       1.002785
       1.004105
       1.005969
        1.00856
       1.012106
       1.016882
       1.023216
       1.031479
       1.042088
       1.055483
       1.072119
       1.092432
       1.116815
       1.145579
       1.178922
        1.21689
       1.259352
       1.305977
       1.356231
       1.409385
        1.46454
       1.520668
       1.576668
       1.631423
       1.683871
       1.733061
       1.778204
       1.818708
       1.854193
       1.884486
       1.909604
       1.929708
       1.945065
       1.955989
       1.962794
       1.965751
        1.96505
       1.960783
       1.952937
         1.9414
        1.92598
        1.90644
       1.882534
       1.854056
       1.820879
       1.783004
       1.740592
       1.693992
       1.643747
       1.590593
        1.53543
       1.479284
       1.423255
       1.368451
       1.315925
       1.266613
       1.221282
       1.180492
       1.144578
       1.113651
       1.087612
       1.066186
       1.048966
       1.035451
         1.0251
       1.017367
       1.011735
       1.007738
       1.004975
       1.003117
       1.001901
       1.001128
       1.000651
       1.000364
       1.000198
       1.000104
       1.000053
       1.000026
       1.000013
       1.000006
       1.000003
       1.000001
       1.000001
       1.000001
       1.000001
       1.000002
       1.000003
       1.000005
       1.000009
       1.000016
       1.000027
