              2
              1
              1
              1
              1
              1
       1.000001
       1.000001
       1.000003
       1.000008
       1.000017
       1.000038
       1.000081
       1.000169
       1.000342
       1.000674
        1.00129
       1.002397
       1.004322
       1.007561
       1.012827
       1.021097
       1.033627
       1.051929
       1.077673
       1.112511
       1.157814
       1.214356
       1.281999
        1.35946
        1.44424
       1.532778
       1.620848
        1.70413
       1.778837
       1.842262
       1.893092
       1.931436
       1.958575
       1.976533
       1.987592
       1.993895
       1.997183
       1.998703
       1.999236
       1.999184
       1.998668
       1.997592
       1.995676
       1.992439
       1.987173
       1.978903
       1.966373
       1.948071
       1.922327
       1.887489
       1.842186
       1.785644
       1.718001
        1.64054
        1.55576
       1.467222
       1.379152
        1.29587
       1.221163
       1.157738
       1.106908
       1.068563
       1.041422
        1.02346
        1.01239
       1.006067
       1.002736
       1.001128
       1.000421
       1.000141
       1.000042
       1.000011
       1.000002
              1
              1
              1
              1
              1
              1
              1
              1
              1
              1
              1
              1
              1
              1
              1
              1
              1
              1
              1
              1
              1
              1
