             20
       1.251317
       1.252926
       1.255683
       1.259576
       1.264591
       1.270708
       1.277902
       1.286146
       1.295407
       1.305651
       1.316835
       1.328919
       1.341854
        1.35559
       1.370076
       1.385255
       1.401069
       1.417457
       1.434357
       1.451705
       1.469434
       1.487476
       1.505762
       1.524223
       1.542786
       1.561381
       1.579936
       1.598378
       1.616635
       1.634635
       1.652308
       1.669582
       1.686389
       1.702661
       1.718332
       1.733337
       1.747615
       1.761107
       1.773755
       1.785507
       1.796314
       1.806128
       1.814908
       1.822616
       1.829219
       1.834687
       1.838997
        1.84213
       1.844072
       1.844814
       1.844352
       1.842689
       1.839831
       1.835791
       1.830586
       1.824238
       1.816776
        1.80823
       1.798638
        1.78804
       1.776483
       1.764015
       1.750688
       1.736559
       1.721687
       1.706133
       1.689962
        1.67324
       1.656034
       1.638416
       1.620454
       1.602221
        1.58379
       1.565232
       1.546621
       1.528029
       1.509527
       1.491188
       1.473082
       1.455278
       1.437843
       1.420846
       1.404349
       1.388416
       1.373108
       1.358482
       1.344594
       1.331498
       1.319243
       1.307877
       1.297443
       1.287981
       1.279528
       1.272117
       1.265777
       1.260533
       1.256405
        1.25341
       1.251559
        1.25086
