              1
              1
              1
              1
              1
              1
              1
              1
              1
              1
              1
              1
              1
       1.000001
       1.000003
        1.00001
       1.000028
       1.000079
       1.000212
       1.000537
       1.001295
       1.002968
       1.006452
        1.01329
       1.025906
       1.047732
       1.083032
       1.136234
       1.210675
       1.306969
       1.421566
       1.546334
       1.669793
       1.779958
       1.867774
       1.929593
       1.967473
       1.987307
       1.995964
       1.999007
       1.999826
       1.999981
       1.999999
       1.999999
       1.999997
        1.99999
       1.999972
       1.999921
       1.999788
       1.999463
       1.998705
       1.997032
       1.993548
        1.98671
       1.974094
       1.952268
       1.916968
       1.863766
       1.789325
       1.693031
       1.578434
       1.453666
       1.330207
       1.220042
       1.132226
       1.070407
       1.032527
       1.012693
       1.004036
       1.000993
       1.000174
       1.000019
       1.000001
              1
              1
              1
              1
              1
              1
              1
              1
              1
              1
              1
              1
              1
              1
              1
              1
              1
              1
              1
              1
              1
              1
              1
              1
              1
              1
              1
              1
