              2
       1.119648
       1.122782
       1.128047
       1.135311
       1.144398
       1.155115
       1.167269
       1.180687
       1.195228
       1.210787
       1.227291
       1.244688
       1.262946
       1.282039
       1.301945
       1.322638
       1.344089
       1.366262
       1.389118
       1.412607
       1.436675
       1.461261
       1.486297
       1.511709
       1.537416
       1.563332
       1.589365
       1.615419
       1.641392
       1.667178
        1.69267
       1.717757
       1.742325
        1.76626
        1.78945
       1.811781
       1.833141
       1.853423
        1.87252
       1.890333
       1.906765
       1.921728
       1.935139
       1.946923
       1.957015
       1.965358
       1.971903
       1.976614
       1.979463
       1.980434
        1.97952
       1.976728
       1.972073
       1.965582
       1.957291
       1.947248
        1.93551
       1.922142
       1.907218
       1.890821
       1.873039
       1.853967
       1.833707
       1.812363
       1.790044
       1.766861
       1.742927
       1.718356
       1.693263
        1.66776
       1.641958
       1.615966
        1.58989
       1.563831
       1.537888
        1.51215
       1.486707
       1.461637
       1.437017
       1.412914
        1.38939
       1.366501
       1.344295
       1.322815
       1.302099
        1.28218
       1.263089
       1.244854
        1.22751
       1.211094
       1.195657
       1.181266
       1.168009
       1.155998
       1.145371
       1.136289
       1.128923
       1.123445
       1.120006
       1.118721
