             50
       1.382501
       1.383301
       1.384742
       1.386819
       1.389523
       1.392845
       1.396771
       1.401285
       1.406371
       1.412008
       1.418174
       1.424845
       1.431995
       1.439596
       1.447618
        1.45603
       1.464798
       1.473889
       1.483266
       1.492893
       1.502732
       1.512744
        1.52289
        1.53313
       1.543423
       1.553729
       1.564008
       1.574218
        1.58432
       1.594273
       1.604039
       1.613578
       1.622852
       1.631826
       1.640463
       1.648729
       1.656591
       1.664018
       1.670981
       1.677452
       1.683404
       1.688815
       1.693663
       1.697928
       1.701593
       1.704644
       1.707069
       1.708858
       1.710004
       1.710501
       1.710349
       1.709547
         1.7081
       1.706012
       1.703292
        1.69995
       1.696001
        1.69146
       1.686345
       1.680675
       1.674475
       1.667768
       1.660582
       1.652944
       1.644885
       1.636438
       1.627635
       1.618512
       1.609105
       1.599451
       1.589588
       1.579556
       1.569394
       1.559143
       1.548842
       1.538534
       1.528257
       1.518053
       1.507963
       1.498025
       1.488279
       1.478763
       1.469516
       1.460572
       1.451967
       1.443735
       1.435909
       1.428518
       1.421592
       1.415158
       1.409241
       1.403865
        1.39905
       1.394815
       1.391176
       1.388149
       1.385744
       1.383971
       1.382837
       1.382347
