              0
       1.090627
       1.099859
        1.10981
       1.120513
       1.131994
        1.14428
       1.157394
       1.171358
       1.186188
       1.201897
       1.218493
       1.235982
       1.254361
       1.273624
       1.293758
       1.314743
       1.336553
       1.359155
        1.38251
        1.40657
       1.431279
       1.456576
       1.482391
       1.508648
       1.535261
       1.562142
       1.589194
       1.616313
       1.643393
        1.67032
       1.696979
        1.72325
       1.749012
       1.774142
       1.798516
       1.822012
       1.844509
       1.865888
       1.886034
       1.904837
       1.922194
       1.938005
       1.952181
        1.96464
        1.97531
       1.984127
        1.99104
       1.996008
          1.999
              2
          1.999
       1.996008
        1.99104
       1.984127
        1.97531
        1.96464
       1.952181
       1.938005
       1.922194
       1.904837
       1.886034
       1.865888
       1.844509
       1.822012
       1.798516
       1.774142
       1.749012
        1.72325
       1.696979
        1.67032
       1.643393
       1.616313
       1.589194
       1.562142
       1.535261
       1.508648
       1.482391
       1.456576
       1.431279
        1.40657
        1.38251
       1.359155
       1.336553
       1.314743
       1.293758
       1.273624
       1.254361
       1.235982
       1.218493
       1.201897
       1.186188
       1.171358
       1.157394
        1.14428
       1.131994
       1.120513
        1.10981
       1.099859
       1.090627
       1.082085
