              0
              1
              1
              1
              1
              1
              1
              1
              1
              1
              1
              1
              1
              1
              1
              1
              1
              1
              1
              1
              1
              1
              1
              1
              1
              1
              1
              1
              1
              1
              1
          2.017
          2.034
          2.051
          2.068
          2.085
          2.102
          2.119
          2.136
          2.153
           2.17
          2.187
          2.204
          2.221
          2.238
          2.255
          2.272
          2.289
          2.306
          2.323
           2.34
          2.357
          2.374
          2.391
          2.408
          2.425
          2.442
          2.459
          2.476
          2.493
           2.51
              1
              1
              1
              1
              1
              1
              1
              1
              1
              1
              1
              1
              1
              1
              1
              1
              1
              1
              1
              1
              1
              1
              1
              1
              1
              1
              1
              1
              1
              1
              1
              1
              1
              1
              1
              1
              1
              1
              1
              1
