             50
       1.000013
       1.000014
       1.000015
       1.000016
       1.000017
       1.000018
       1.000019
        1.00002
       1.000021
       1.000023
       1.000024
       1.000026
       1.000027
       1.000029
        1.00003
       1.000032
       1.000034
       1.000036
       1.000039
       1.000041
       1.000043
       1.000046
       1.000049
       1.000051
       1.000054
       1.000058
       1.000061
       1.000065
       1.000068
       1.000072
       1.000077
       1.000081
       1.000086
        1.00009
       1.000096
       1.000101
       1.000107
       1.000113
       1.000119
       1.000126
       1.000133
        1.00014
       1.000148
       1.000156
       1.000165
       1.000174
       1.000183
       1.000193
       1.000204
       1.000215
       1.000227
       1.000239
       1.000252
       1.000265
       1.000279
       1.000294
       1.000309
       1.000326
       1.000343
       1.000361
       1.000379
       1.000399
        1.00042
       1.000441
       1.000464
       1.000488
       1.000512
       1.000538
       1.000566
       1.000594
       1.000624
       1.000655
       1.000688
       1.000722
       1.000757
       1.000795
       1.000834
       1.000874
       1.000917
       1.000961
       1.001008
       1.001056
       1.001107
       1.001159
       1.001215
       1.001272
       1.001332
       1.001394
        1.00146
       1.001528
       1.001599
       1.001672
       1.001749
       1.001829
       1.001913
          1.002
        1.00209
       1.002185
       1.002283
       1.002385
       1.002491
       1.002601
       1.002716
       1.002835
       1.002959
       1.003088
       1.003222
       1.003362
       1.003506
       1.003656
       1.003812
       1.003974
       1.004142
       1.004317
       1.004498
       1.004685
        1.00488
       1.005082
       1.005291
       1.005508
       1.005732
       1.005965
       1.006206
       1.006456
       1.006715
       1.006983
        1.00726
       1.007547
       1.007844
       1.008151
       1.008468
       1.008797
       1.009136
       1.009487
        1.00985
       1.010225
       1.010612
       1.011012
       1.011425
       1.011851
       1.012292
       1.012746
       1.013215
       1.013698
       1.014197
       1.014712
       1.015242
       1.015789
       1.016353
       1.016933
       1.017532
       1.018148
       1.018783
       1.019436
       1.020109
       1.020802
       1.021514
       1.022247
       1.023002
       1.023777
       1.024575
       1.025395
       1.026238
       1.027104
       1.027994
       1.028908
       1.029847
       1.030811
       1.031801
       1.032816
       1.033859
       1.034929
       1.036026
       1.037152
       1.038306
       1.039489
       1.040702
       1.041945
       1.043219
       1.044524
        1.04586
       1.047229
        1.04863
       1.050064
       1.051532
       1.053034
        1.05457
       1.056142
       1.057749
       1.059392
       1.061072
       1.062789
       1.064543
       1.066335
       1.068166
       1.070035
       1.071944
       1.073892
       1.075881
        1.07791
        1.07998
       1.082092
       1.084245
       1.086441
       1.088679
       1.090961
       1.093286
       1.095654
       1.098067
       1.100524
       1.103025
       1.105572
       1.108164
       1.110802
       1.113486
       1.116215
       1.118992
       1.121815
       1.124684
       1.127601
       1.130566
       1.133577
       1.136636
       1.139743
       1.142898
       1.146101
       1.149351
        1.15265
       1.155997
       1.159392
       1.162836
       1.166327
       1.169867
       1.173455
       1.177091
       1.180775
       1.184507
       1.188286
       1.192114
       1.195988
        1.19991
       1.203879
       1.207894
       1.211957
       1.216065
       1.220219
        1.22442
       1.228665
       1.232955
        1.23729
       1.241669
       1.246092
       1.250558
       1.255067
       1.259619
       1.264212
       1.268846
       1.273521
       1.278236
       1.282991
       1.287785
       1.292617
       1.297486
       1.302393
       1.307335
       1.312313
       1.317326
       1.322373
       1.327453
       1.332566
        1.33771
       1.342885
        1.34809
       1.353324
       1.358586
       1.363875
       1.369191
       1.374532
       1.379898
       1.385287
       1.390698
       1.396131
       1.401585
       1.407058
        1.41255
       1.418059
       1.423584
       1.429125
        1.43468
       1.440248
       1.445829
        1.45142
       1.457021
       1.462631
       1.468249
       1.473874
       1.479504
       1.485138
       1.490775
       1.496415
       1.502056
       1.507696
       1.513335
       1.518972
       1.524605
       1.530234
       1.535856
       1.541472
        1.54708
       1.552678
       1.558266
       1.563843
       1.569408
       1.574959
       1.580495
       1.586016
       1.591519
       1.597005
       1.602472
       1.607919
       1.613346
        1.61875
       1.624131
       1.629489
       1.634821
       1.640128
       1.645408
        1.65066
       1.655883
       1.661077
        1.66624
       1.671372
       1.676472
       1.681539
       1.686572
       1.691571
       1.696534
       1.701461
       1.706351
       1.711203
       1.716017
       1.720793
       1.725528
       1.730223
       1.734878
        1.73949
       1.744061
       1.748589
       1.753074
       1.757515
       1.761912
       1.766264
       1.770571
       1.774832
       1.779047
       1.783216
       1.787338
       1.791413
       1.795441
       1.799421
       1.803353
       1.807236
       1.811071
       1.814857
       1.818594
       1.822282
        1.82592
       1.829509
       1.833049
       1.836538
       1.839978
       1.843368
       1.846707
       1.849997
       1.853237
       1.856426
       1.859566
       1.862655
       1.865695
       1.868684
       1.871624
       1.874513
       1.877354
       1.880144
       1.882885
       1.885577
       1.888219
       1.890813
       1.893357
       1.895853
       1.898301
         1.9007
       1.903051
       1.905355
        1.90761
       1.909819
        1.91198
       1.914094
       1.916162
       1.918183
       1.920158
       1.922087
       1.923971
        1.92581
       1.927603
       1.929352
       1.931056
       1.932716
       1.934333
       1.935905
       1.937435
       1.938921
       1.940365
       1.941767
       1.943126
       1.944444
        1.94572
       1.946955
       1.948149
       1.949302
       1.950414
       1.951487
        1.95252
       1.953513
       1.954466
       1.955381
       1.956256
       1.957093
       1.957892
       1.958652
       1.959374
       1.960059
       1.960706
       1.961315
       1.961887
       1.962422
       1.962921
       1.963382
       1.963807
       1.964195
       1.964547
       1.964863
       1.965142
       1.965386
       1.965593
       1.965765
       1.965901
       1.966001
       1.966065
       1.966094
       1.966086
       1.966044
       1.965965
       1.965851
       1.965701
       1.965515
       1.965294
       1.965037
       1.964743
       1.964414
       1.964049
       1.963647
        1.96321
       1.962736
       1.962225
       1.961678
       1.961094
       1.960472
       1.959814
       1.959119
       1.958386
       1.957615
       1.956807
       1.955961
       1.955076
       1.954153
       1.953191
        1.95219
        1.95115
       1.950071
       1.948952
       1.947793
       1.946593
       1.945354
       1.944073
       1.942752
        1.94139
       1.939986
        1.93854
       1.937052
       1.935521
       1.933948
       1.932332
       1.930673
       1.928971
       1.927224
       1.925434
       1.923599
       1.921719
       1.919795
       1.917825
        1.91581
        1.91375
       1.911643
        1.90949
        1.90729
       1.905044
       1.902751
       1.900411
       1.898023
       1.895588
       1.893105
       1.890573
       1.887994
       1.885366
        1.88269
       1.879965
       1.877191
       1.874368
       1.871496
       1.868575
       1.865604
       1.862584
       1.859515
       1.856396
       1.853227
       1.850009
       1.846742
       1.843424
       1.840058
       1.836641
       1.833176
       1.829661
       1.826096
       1.822483
        1.81882
       1.815109
       1.811349
        1.80754
       1.803683
       1.799778
       1.795825
       1.791825
       1.787777
       1.783683
       1.779541
       1.775354
        1.77112
       1.766841
       1.762517
       1.758148
       1.753735
       1.749278
       1.744778
       1.740235
       1.735649
       1.731022
       1.726354
       1.721646
       1.716898
        1.71211
       1.707284
        1.70242
       1.697518
        1.69258
       1.687607
       1.682598
       1.677555
       1.672479
        1.66737
       1.662229
       1.657057
       1.651856
       1.646625
       1.641365
       1.636078
       1.630765
       1.625426
       1.620063
       1.614675
       1.609266
       1.603834
       1.598382
       1.592911
        1.58742
       1.581912
       1.576388
       1.570848
       1.565294
       1.559727
       1.554147
       1.548556
       1.542955
       1.537346
       1.531728
       1.526104
       1.520474
        1.51484
       1.509202
       1.503563
       1.497922
       1.492281
       1.486642
       1.481005
       1.475371
       1.469742
       1.464119
       1.458502
       1.452894
       1.447294
       1.441705
       1.436127
       1.430561
       1.425009
       1.419471
       1.413949
       1.408443
       1.402955
       1.397486
       1.392037
       1.386609
       1.381202
       1.375818
       1.370458
       1.365123
       1.359813
        1.35453
       1.349274
       1.344047
        1.33885
       1.333682
       1.328546
       1.323441
       1.318369
       1.313331
       1.308327
       1.303359
       1.298426
       1.293529
        1.28867
       1.283849
       1.279067
       1.274323
        1.26962
       1.264957
       1.260335
       1.255755
       1.251217
       1.246722
        1.24227
       1.237862
       1.233497
       1.229178
       1.224903
       1.220673
        1.21649
       1.212352
       1.208261
       1.204216
       1.200218
       1.196268
       1.192365
       1.188509
       1.184702
       1.180942
        1.17723
       1.173567
       1.169952
       1.166386
       1.162868
       1.159398
       1.155977
       1.152605
       1.149281
       1.146006
       1.142779
       1.139601
        1.13647
       1.133388
       1.130355
       1.127369
        1.12443
        1.12154
       1.118696
         1.1159
       1.113151
       1.110449
       1.107793
       1.105183
       1.102619
       1.100101
       1.097628
       1.095199
       1.092816
       1.090477
       1.088182
        1.08593
       1.083722
       1.081556
       1.079433
       1.077351
       1.075312
       1.073313
       1.071355
       1.069438
        1.06756
       1.065722
       1.063922
       1.062161
       1.060438
       1.058753
       1.057104
       1.055492
       1.053917
       1.052376
       1.050871
         1.0494
       1.047964
       1.046561
       1.045191
       1.043853
       1.042548
       1.041274
       1.040031
       1.038819
       1.037636
       1.036484
        1.03536
       1.034265
       1.033197
       1.032157
       1.031144
       1.030158
       1.029198
       1.028263
       1.027353
       1.026467
       1.025606
       1.024768
       1.023954
       1.023161
       1.022391
       1.021643
       1.020916
        1.02021
       1.019523
       1.018857
        1.01821
       1.017583
       1.016973
       1.016382
       1.015808
       1.015252
       1.014713
        1.01419
       1.013683
       1.013192
       1.012716
       1.012255
       1.011808
       1.011376
       1.010958
       1.010553
       1.010161
       1.009781
       1.009415
        1.00906
       1.008717
       1.008385
       1.008065
       1.007755
       1.007456
       1.007167
       1.006888
       1.006618
       1.006358
       1.006107
       1.005865
       1.005631
       1.005406
       1.005188
       1.004979
       1.004777
       1.004582
       1.004395
       1.004214
        1.00404
       1.003873
       1.003711
       1.003556
       1.003407
       1.003263
       1.003124
       1.002991
       1.002864
       1.002741
       1.002622
       1.002509
         1.0024
       1.002295
       1.002194
       1.002098
       1.002005
       1.001916
       1.001831
       1.001749
        1.00167
       1.001595
       1.001523
       1.001453
       1.001387
       1.001323
       1.001262
       1.001204
       1.001148
       1.001095
       1.001043
       1.000994
       1.000947
       1.000903
        1.00086
       1.000819
        1.00078
       1.000742
       1.000706
       1.000672
       1.000639
       1.000608
       1.000578
        1.00055
       1.000523
       1.000497
       1.000472
       1.000449
       1.000426
       1.000405
       1.000384
       1.000365
       1.000346
       1.000329
       1.000312
       1.000296
        1.00028
       1.000266
       1.000252
       1.000239
       1.000226
       1.000215
       1.000203
       1.000192
       1.000182
       1.000173
       1.000163
       1.000155
       1.000146
       1.000138
       1.000131
       1.000124
       1.000117
       1.000111
       1.000104
       1.000099
       1.000093
       1.000088
       1.000083
       1.000079
       1.000074
        1.00007
       1.000066
       1.000062
       1.000059
       1.000055
       1.000052
       1.000049
       1.000046
       1.000044
       1.000041
       1.000039
       1.000037
       1.000034
       1.000032
        1.00003
       1.000029
       1.000027
       1.000025
       1.000024
       1.000022
       1.000021
        1.00002
       1.000019
       1.000017
       1.000016
       1.000015
       1.000014
       1.000014
       1.000013
       1.000012
       1.000011
       1.000011
        1.00001
       1.000009
       1.000009
       1.000008
       1.000008
       1.000007
       1.000007
       1.000006
       1.000006
       1.000005
       1.000005
       1.000005
       1.000005
       1.000004
       1.000004
       1.000004
       1.000003
       1.000003
       1.000003
       1.000003
       1.000003
       1.000002
       1.000002
       1.000002
       1.000002
       1.000002
       1.000002
       1.000002
       1.000002
       1.000001
       1.000001
       1.000001
       1.000001
       1.000001
       1.000001
       1.000001
       1.000001
       1.000001
       1.000001
       1.000001
       1.000001
       1.000001
       1.000001
       1.000001
       1.000001
       1.000001
       1.000001
       1.000001
       1.000001
       1.000001
       1.000001
       1.000001
       1.000001
       1.000001
       1.000001
       1.000001
       1.000001
       1.000001
       1.000001
       1.000001
       1.000001
       1.000001
       1.000001
       1.000001
       1.000001
       1.000001
       1.000001
       1.000002
       1.000002
       1.000002
       1.000002
       1.000002
       1.000002
       1.000002
       1.000002
       1.000003
       1.000003
       1.000003
       1.000003
       1.000003
       1.000003
       1.000004
       1.000004
       1.000004
       1.000005
       1.000005
       1.000005
       1.000005
       1.000006
       1.000006
       1.000007
       1.000007
       1.000007
       1.000008
       1.000008
       1.000009
        1.00001
        1.00001
       1.000011
       1.000012
       1.000012
