             10
              1
              1
              1
              1
              1
              1
              1
              1
              1
              1
              1
              1
              1
              1
              1
              1
              1
              1
              1
              1
              1
              1
              1
              1
              1
              1
              1
              1
              1
              1
              1
              1
              1
              1
              1
              1
              1
              1
              1
              1
              1
              1
              1
              1
              1
              1
              1
              1
              1
              1
              1
              1
              1
              1
              1
              1
              1
              1
              1
              1
              1
              1
              1
              1
              1
              1
              1
              1
              1
              1
              1
              1
              1
              1
              1
              1
              1
              1
              1
              1
              1
              1
              1
              1
              1
              1
              1
              1
              1
              1
              1
              1
              1
              1
              1
              1
              1
              1
              1
              1
              1
              1
              1
              1
              1
              1
              1
              1
              1
              1
              1
              1
              1
              1
              1
              1
              1
              1
              1
              1
              1
              1
              1
              1
              1
              1
              1
              1
              1
              1
              1
              1
              1
              1
              1
              1
              1
              1
              1
              1
              1
              1
       1.000001
       1.000001
       1.000001
       1.000001
       1.000001
       1.000001
       1.000001
       1.000001
       1.000002
       1.000002
       1.000002
       1.000003
       1.000003
       1.000004
       1.000004
       1.000005
       1.000005
       1.000006
       1.000007
       1.000008
        1.00001
       1.000011
       1.000013
       1.000014
       1.000016
       1.000019
       1.000021
       1.000024
       1.000028
       1.000032
       1.000036
       1.000041
       1.000046
       1.000053
        1.00006
       1.000068
       1.000077
       1.000087
       1.000098
        1.00011
       1.000125
        1.00014
       1.000158
       1.000178
         1.0002
       1.000224
       1.000252
       1.000282
       1.000316
       1.000354
       1.000395
       1.000442
       1.000493
        1.00055
       1.000613
       1.000682
       1.000759
       1.000843
       1.000937
       1.001039
       1.001152
       1.001276
       1.001412
       1.001561
       1.001725
       1.001904
         1.0021
       1.002313
       1.002547
       1.002802
       1.003079
       1.003381
        1.00371
       1.004067
       1.004455
       1.004875
       1.005331
       1.005824
       1.006357
       1.006933
       1.007555
       1.008226
       1.008949
       1.009727
       1.010564
       1.011463
       1.012428
       1.013463
       1.014571
       1.015758
       1.017027
       1.018383
        1.01983
       1.021372
       1.023016
       1.024765
       1.026625
         1.0286
       1.030697
        1.03292
       1.035274
       1.037766
         1.0404
       1.043182
       1.046117
       1.049211
        1.05247
       1.055899
       1.059503
       1.063288
       1.067258
        1.07142
       1.075777
       1.080336
         1.0851
       1.090073
       1.095261
       1.100667
       1.106295
       1.112148
        1.11823
       1.124543
       1.131089
       1.137871
       1.144891
       1.152149
       1.159647
       1.167384
       1.175362
       1.183578
       1.192032
       1.200723
       1.209648
       1.218804
       1.228189
       1.237798
       1.247628
       1.257674
        1.26793
        1.27839
       1.289048
       1.299898
        1.31093
       1.322139
       1.333514
       1.345048
        1.35673
       1.368552
       1.380503
       1.392571
       1.404748
        1.41702
       1.429378
       1.441808
       1.454299
       1.466839
       1.479415
       1.492015
       1.504626
       1.517236
       1.529832
       1.542402
       1.554933
       1.567412
       1.579828
       1.592168
       1.604421
       1.616575
       1.628618
        1.64054
       1.652329
       1.663977
       1.675472
       1.686805
       1.697967
        1.70895
       1.719746
       1.730347
       1.740746
       1.750936
       1.760912
       1.770668
         1.7802
       1.789502
       1.798572
       1.807406
       1.816001
       1.824355
       1.832467
       1.840336
       1.847961
       1.855342
        1.86248
       1.869376
        1.87603
       1.882445
       1.888623
       1.894567
        1.90028
       1.905764
       1.911024
       1.916064
       1.920888
         1.9255
       1.929905
       1.934108
       1.938114
       1.941928
       1.945557
       1.949004
       1.952276
       1.955379
       1.958318
       1.961099
       1.963728
        1.96621
       1.968551
       1.970757
       1.972834
       1.974787
       1.976621
       1.978342
       1.979955
       1.981465
       1.982878
       1.984198
       1.985431
       1.986579
        1.98765
       1.988645
       1.989571
        1.99043
       1.991227
       1.991965
       1.992648
        1.99328
       1.993864
       1.994402
       1.994898
       1.995355
       1.995775
        1.99616
       1.996514
       1.996839
       1.997136
       1.997408
       1.997656
       1.997883
       1.998089
       1.998278
       1.998449
       1.998604
       1.998746
       1.998874
        1.99899
       1.999095
        1.99919
       1.999275
       1.999353
       1.999422
       1.999485
       1.999541
       1.999592
       1.999637
       1.999678
       1.999714
       1.999747
       1.999776
       1.999802
       1.999825
       1.999846
       1.999864
        1.99988
       1.999895
       1.999907
       1.999919
       1.999929
       1.999938
       1.999945
       1.999952
       1.999958
       1.999964
       1.999968
       1.999972
       1.999976
       1.999979
       1.999982
       1.999984
       1.999986
       1.999988
        1.99999
       1.999991
       1.999992
       1.999993
       1.999994
       1.999995
       1.999996
       1.999996
       1.999997
       1.999997
       1.999997
       1.999998
       1.999998
       1.999998
       1.999998
       1.999998
       1.999998
       1.999998
       1.999998
       1.999997
       1.999997
       1.999997
       1.999997
       1.999996
       1.999996
       1.999995
       1.999994
       1.999994
       1.999993
       1.999992
        1.99999
       1.999989
       1.999987
       1.999986
       1.999984
       1.999981
       1.999979
       1.999976
       1.999972
       1.999968
       1.999964
       1.999959
       1.999954
       1.999947
        1.99994
       1.999932
       1.999923
       1.999913
       1.999902
        1.99989
       1.999875
        1.99986
       1.999842
       1.999822
         1.9998
       1.999776
       1.999748
       1.999718
       1.999684
       1.999646
       1.999605
       1.999558
       1.999507
        1.99945
       1.999387
       1.999318
       1.999241
       1.999157
       1.999063
       1.998961
       1.998848
       1.998724
       1.998588
       1.998439
       1.998275
       1.998096
         1.9979
       1.997687
       1.997453
       1.997198
       1.996921
       1.996619
        1.99629
       1.995933
       1.995545
       1.995125
       1.994669
       1.994176
       1.993643
       1.993067
       1.992445
       1.991774
       1.991051
       1.990273
       1.989436
       1.988537
       1.987572
       1.986537
       1.985429
       1.984242
       1.982973
       1.981617
        1.98017
       1.978628
       1.976984
       1.975235
       1.973375
         1.9714
       1.969303
        1.96708
       1.964726
       1.962234
         1.9596
       1.956818
       1.953883
       1.950789
        1.94753
       1.944101
       1.940497
       1.936712
       1.932742
        1.92858
       1.924223
       1.919664
         1.9149
       1.909927
       1.904739
       1.899333
       1.893705
       1.887852
        1.88177
       1.875457
       1.868911
       1.862129
       1.855109
       1.847851
       1.840353
       1.832616
       1.824638
       1.816422
       1.807968
       1.799277
       1.790352
       1.781196
       1.771811
       1.762202
       1.752372
       1.742326
        1.73207
        1.72161
       1.710952
       1.700102
        1.68907
       1.677861
       1.666486
       1.654952
        1.64327
       1.631448
       1.619497
       1.607429
       1.595252
        1.58298
       1.570622
       1.558192
       1.545701
       1.533161
       1.520585
       1.507985
       1.495374
       1.482764
       1.470168
       1.457598
       1.445067
       1.432588
       1.420172
       1.407832
       1.395579
       1.383425
       1.371382
        1.35946
       1.347671
       1.336023
       1.324528
       1.313195
       1.302033
        1.29105
       1.280254
       1.269653
       1.259254
       1.249064
       1.239088
       1.229332
         1.2198
       1.210498
       1.201428
       1.192594
       1.183999
       1.175645
       1.167533
       1.159664
       1.152039
       1.144658
        1.13752
       1.130624
        1.12397
       1.117555
       1.111377
       1.105433
        1.09972
       1.094236
       1.088976
       1.083936
       1.079112
         1.0745
       1.070095
       1.065892
       1.061886
       1.058072
       1.054443
       1.050996
       1.047724
       1.044621
       1.041682
       1.038901
       1.036272
        1.03379
       1.031449
       1.029243
       1.027166
       1.025213
       1.023379
       1.021658
       1.020045
       1.018535
       1.017122
       1.015802
       1.014569
       1.013421
        1.01235
       1.011355
       1.010429
        1.00957
       1.008773
       1.008035
       1.007352
        1.00672
       1.006136
       1.005598
       1.005102
       1.004645
       1.004225
        1.00384
       1.003486
       1.003161
       1.002864
       1.002592
       1.002344
       1.002117
       1.001911
       1.001722
       1.001551
       1.001396
       1.001254
       1.001126
        1.00101
       1.000905
        1.00081
       1.000725
       1.000647
       1.000578
       1.000515
       1.000459
       1.000408
       1.000363
       1.000322
       1.000286
       1.000253
       1.000224
       1.000198
       1.000175
       1.000154
       1.000136
        1.00012
       1.000105
       1.000093
       1.000081
       1.000071
       1.000062
       1.000055
       1.000048
       1.000042
       1.000036
       1.000032
       1.000028
       1.000024
       1.000021
       1.000018
       1.000016
       1.000014
       1.000012
        1.00001
       1.000009
       1.000008
       1.000006
       1.000006
       1.000005
       1.000004
       1.000004
       1.000003
       1.000003
       1.000002
       1.000002
       1.000002
       1.000001
       1.000001
       1.000001
       1.000001
       1.000001
       1.000001
       1.000001
              1
              1
              1
              1
              1
              1
              1
              1
              1
              1
              1
              1
              1
              1
              1
              1
              1
              1
              1
              1
              1
              1
              1
              1
              1
              1
              1
              1
              1
              1
              1
              1
              1
              1
              1
              1
              1
              1
              1
              1
              1
              1
              1
              1
              1
              1
              1
              1
              1
              1
              1
              1
              1
              1
              1
              1
              1
              1
              1
              1
              1
              1
              1
              1
              1
              1
              1
              1
              1
              1
              1
              1
              1
              1
              1
              1
              1
              1
              1
              1
              1
              1
              1
              1
              1
              1
              1
              1
              1
              1
              1
              1
              1
              1
              1
              1
              1
              1
              1
              1
              1
              1
              1
              1
              1
              1
              1
              1
              1
              1
              1
              1
              1
              1
              1
              1
              1
              1
              1
              1
              1
              1
              1
              1
              1
              1
              1
              1
              1
              1
              1
              1
              1
              1
              1
              1
              1
              1
              1
              1
              1
              1
              1
              1
              1
              1
              1
              1
              1
              1
              1
              1
              1
              1
              1
              1
              1
              1
              1
              1
              1
              1
              1
              1
              1
              1
              1
              1
              1
              1
              1
              1
              1
              1
              1
              1
              1
              1
              1
              1
              1
              1
              1
              1
              1
              1
              1
              1
              1
              1
              1
              1
              1
              1
              1
              1
              1
              1
              1
              1
              1
              1
              1
              1
              1
              1
              1
              1
              1
              1
              1
              1
              1
              1
              1
              1
              1
              1
              1
              1
              1
              1
              1
              1
              1
              1
              1
              1
              1
              1
              1
              1
              1
              1
              1
              1
              1
              1
              1
              1
              1
              1
              1
              1
              1
              1
              1
              1
