             10
       1.106338
       1.106377
       1.106445
        1.10654
       1.106664
       1.106815
       1.106994
         1.1072
       1.107434
       1.107696
       1.107984
         1.1083
       1.108642
       1.109011
       1.109406
       1.109827
       1.110274
       1.110746
       1.111243
       1.111766
       1.112313
       1.112884
       1.113479
       1.114097
       1.114739
       1.115403
        1.11609
       1.116799
        1.11753
       1.118282
       1.119054
       1.119848
       1.120661
       1.121495
       1.122347
       1.123219
       1.124109
       1.125018
       1.125944
       1.126888
        1.12785
       1.128827
       1.129822
       1.130832
       1.131858
         1.1329
       1.133957
       1.135029
       1.136115
       1.137215
       1.138329
       1.139457
       1.140598
       1.141752
        1.14292
       1.144099
       1.145292
       1.146496
       1.147712
        1.14894
        1.15018
       1.151431
       1.152693
       1.153966
        1.15525
       1.156545
       1.157851
       1.159166
       1.160492
       1.161829
       1.163175
       1.164531
       1.165898
       1.167274
       1.168659
       1.170055
        1.17146
       1.172874
       1.174297
       1.175731
       1.177173
       1.178624
       1.180085
       1.181555
       1.183034
       1.184522
       1.186019
       1.187525
        1.18904
       1.190564
       1.192097
       1.193638
       1.195189
       1.196748
       1.198317
       1.199894
        1.20148
       1.203075
       1.204678
        1.20629
       1.207912
       1.209541
        1.21118
       1.212827
       1.214483
       1.216148
       1.217822
       1.219504
       1.221195
       1.222895
       1.224603
        1.22632
       1.228046
        1.22978
       1.231524
       1.233275
       1.235036
       1.236805
       1.238583
       1.240369
       1.242165
       1.243968
       1.245781
       1.247602
       1.249431
       1.251269
       1.253116
       1.254972
       1.256836
       1.258708
       1.260589
       1.262479
       1.264377
       1.266284
       1.268199
       1.270122
       1.272054
       1.273995
       1.275944
       1.277901
       1.279867
       1.281841
       1.283824
       1.285814
       1.287814
       1.289821
       1.291837
       1.293861
       1.295893
       1.297933
       1.299982
       1.302039
       1.304104
       1.306177
       1.308258
       1.310347
       1.312445
        1.31455
       1.316663
       1.318784
       1.320913
        1.32305
       1.325195
       1.327348
       1.329508
       1.331676
       1.333852
       1.336036
       1.338227
       1.340426
       1.342633
       1.344847
       1.347068
       1.349297
       1.351533
       1.353777
       1.356028
       1.358287
       1.360552
       1.362825
       1.365105
       1.367393
       1.369687
       1.371988
       1.374296
       1.376612
       1.378934
       1.381263
       1.383598
       1.385941
        1.38829
       1.390646
       1.393008
       1.395377
       1.397753
       1.400134
       1.402523
       1.404917
       1.407318
       1.409725
       1.412138
       1.414557
       1.416983
       1.419414
       1.421851
       1.424294
       1.426743
       1.429197
       1.431657
       1.434123
       1.436594
       1.439071
       1.441553
        1.44404
       1.446533
       1.449031
       1.451534
       1.454042
       1.456555
       1.459073
       1.461595
       1.464123
       1.466655
       1.469192
       1.471733
       1.474279
       1.476829
       1.479384
       1.481942
       1.484505
       1.487072
       1.489643
       1.492218
       1.494797
        1.49738
       1.499966
       1.502556
       1.505149
       1.507746
       1.510346
       1.512949
       1.515555
       1.518165
       1.520778
       1.523393
       1.526011
       1.528632
       1.531256
       1.533882
       1.536511
       1.539142
       1.541776
       1.544411
       1.547049
       1.549688
        1.55233
       1.554973
       1.557618
       1.560265
       1.562913
       1.565563
       1.568214
       1.570866
        1.57352
       1.576174
       1.578829
       1.581486
       1.584142
         1.5868
       1.589458
       1.592117
       1.594775
       1.597434
       1.600094
       1.602753
       1.605412
       1.608071
        1.61073
       1.613388
       1.616045
       1.618703
       1.621359
       1.624014
       1.626669
       1.629323
       1.631975
       1.634626
       1.637276
       1.639924
       1.642571
       1.645216
       1.647859
         1.6505
        1.65314
       1.655777
       1.658412
       1.661044
       1.663674
       1.666301
       1.668926
       1.671548
       1.674167
       1.676782
       1.679395
       1.682004
        1.68461
       1.687213
       1.689811
       1.692407
       1.694998
       1.697585
       1.700168
       1.702747
       1.705321
       1.707892
       1.710457
       1.713018
       1.715574
       1.718125
       1.720671
       1.723212
       1.725748
       1.728278
       1.730803
       1.733322
       1.735836
       1.738343
       1.740845
        1.74334
        1.74583
       1.748313
       1.750789
       1.753259
       1.755722
       1.758179
       1.760628
        1.76307
       1.765506
       1.767934
       1.770354
       1.772767
       1.775173
        1.77757
        1.77996
       1.782342
       1.784716
       1.787081
       1.789438
       1.791787
       1.794127
       1.796458
       1.798781
       1.801094
       1.803399
       1.805694
        1.80798
       1.810257
       1.812524
       1.814782
       1.817029
       1.819267
       1.821495
       1.823713
       1.825921
       1.828118
       1.830305
       1.832481
       1.834647
       1.836802
       1.838946
       1.841079
       1.843201
       1.845312
       1.847411
       1.849499
       1.851575
        1.85364
       1.855693
       1.857734
       1.859763
        1.86178
       1.863785
       1.865777
       1.867757
       1.869725
        1.87168
       1.873622
       1.875551
       1.877468
       1.879371
       1.881261
       1.883138
       1.885002
       1.886852
       1.888688
       1.890511
        1.89232
       1.894116
       1.895897
       1.897664
       1.899417
       1.901156
       1.902881
       1.904591
       1.906287
       1.907967
       1.909634
       1.911285
       1.912922
       1.914543
        1.91615
       1.917741
       1.919317
       1.920878
       1.922423
       1.923952
       1.925467
       1.926965
       1.928448
       1.929914
       1.931365
         1.9328
       1.934219
       1.935621
       1.937007
       1.938377
       1.939731
       1.941068
       1.942388
       1.943692
       1.944979
       1.946249
       1.947502
       1.948739
       1.949958
        1.95116
       1.952346
       1.953513
       1.954664
       1.955797
       1.956913
       1.958012
       1.959092
       1.960156
       1.961201
       1.962229
       1.963239
       1.964231
       1.965206
       1.966162
         1.9671
       1.968021
       1.968923
       1.969807
       1.970673
        1.97152
       1.972349
        1.97316
       1.973952
       1.974726
       1.975481
       1.976218
       1.976936
       1.977636
       1.978317
       1.978979
       1.979623
       1.980247
       1.980853
        1.98144
       1.982008
       1.982557
       1.983087
       1.983598
        1.98409
       1.984563
       1.985017
       1.985452
       1.985868
       1.986264
       1.986641
       1.986999
       1.987338
       1.987658
       1.987958
       1.988239
       1.988501
       1.988744
       1.988967
       1.989171
       1.989355
        1.98952
       1.989666
       1.989792
       1.989899
       1.989986
       1.990055
       1.990103
       1.990132
       1.990142
       1.990133
       1.990104
       1.990055
       1.989988
         1.9899
       1.989794
       1.989668
       1.989522
       1.989358
       1.989174
        1.98897
       1.988747
       1.988505
       1.988244
       1.987963
       1.987663
       1.987343
       1.987005
       1.986647
        1.98627
       1.985874
       1.985459
       1.985024
        1.98457
       1.984098
       1.983606
       1.983095
       1.982565
       1.982017
       1.981449
       1.980862
       1.980257
       1.979632
       1.978989
       1.978327
       1.977647
       1.976947
        1.97623
       1.975493
       1.974738
       1.973964
       1.973172
       1.972362
       1.971533
       1.970686
        1.96982
       1.968937
       1.968035
       1.967115
       1.966177
       1.965221
       1.964247
       1.963255
       1.962245
       1.961217
       1.960172
       1.959109
       1.958028
        1.95693
       1.955815
       1.954682
       1.953531
       1.952363
       1.951179
       1.949977
       1.948757
       1.947521
       1.946268
       1.944998
       1.943711
       1.942408
       1.941088
       1.939751
       1.938398
       1.937028
       1.935642
        1.93424
       1.932821
       1.931387
       1.929936
        1.92847
       1.926987
       1.925489
       1.923975
       1.922446
       1.920901
        1.91934
       1.917764
       1.916173
       1.914567
       1.912946
       1.911309
       1.909658
       1.907992
       1.906311
       1.904616
       1.902906
       1.901182
       1.899443
        1.89769
       1.895923
       1.894142
       1.892347
       1.890538
       1.888715
       1.886879
       1.885029
       1.883165
       1.881288
       1.879398
       1.877495
       1.875579
        1.87365
       1.871708
       1.869753
       1.867786
       1.865806
       1.863813
       1.861809
       1.859792
       1.857763
       1.855722
       1.853669
       1.851605
       1.849528
        1.84744
       1.845341
       1.843231
       1.841109
       1.838976
       1.836832
       1.834677
       1.832511
       1.830335
       1.828148
       1.825951
       1.823744
       1.821526
       1.819298
        1.81706
       1.814812
       1.812555
       1.810288
       1.808011
       1.805725
        1.80343
       1.801125
       1.798812
       1.796489
       1.794158
       1.791818
       1.789469
       1.787112
       1.784747
       1.782373
       1.779992
       1.777602
       1.775204
       1.772799
       1.770386
       1.767965
       1.765537
       1.763102
        1.76066
        1.75821
       1.755754
       1.753291
       1.750821
       1.748344
       1.745861
       1.743372
       1.740876
       1.738375
       1.735867
       1.733354
       1.730835
        1.72831
       1.725779
       1.723244
       1.720703
       1.718157
       1.715605
       1.713049
       1.710488
       1.707923
       1.705353
       1.702778
       1.700199
       1.697616
       1.695029
       1.692437
       1.689842
       1.687244
       1.684641
       1.682035
       1.679426
       1.676813
       1.674197
       1.671578
       1.668956
       1.666332
       1.663704
       1.661074
       1.658442
       1.655807
        1.65317
        1.65053
       1.647889
       1.645246
       1.642601
       1.639954
       1.637305
       1.634655
       1.632004
       1.629352
       1.626698
       1.624043
       1.621388
       1.618731
       1.616074
       1.613416
       1.610758
       1.608099
        1.60544
       1.602781
       1.600121
       1.597462
       1.594803
       1.592144
       1.589485
       1.586827
       1.584169
       1.581512
       1.578856
       1.576201
       1.573546
       1.570893
        1.56824
       1.565589
       1.562939
       1.560291
       1.557644
       1.554999
       1.552355
       1.549714
       1.547074
       1.544436
         1.5418
       1.539167
       1.536536
       1.533907
        1.53128
       1.528656
       1.526035
       1.523417
       1.520801
       1.518188
       1.515579
       1.512972
       1.510368
       1.507768
       1.505171
       1.502578
       1.499988
       1.497402
       1.494819
        1.49224
       1.489665
       1.487094
       1.484526
       1.481963
       1.479404
        1.47685
       1.474299
       1.471753
       1.469212
       1.466675
       1.464142
       1.461615
       1.459092
       1.456574
       1.454061
       1.451552
       1.449049
       1.446551
       1.444058
       1.441571
       1.439089
       1.436612
        1.43414
       1.431674
       1.429214
       1.426759
       1.424311
       1.421867
        1.41943
       1.416999
       1.414573
       1.412154
        1.40974
       1.407333
       1.404932
       1.402538
       1.400149
       1.397767
       1.395392
       1.393022
        1.39066
       1.388304
       1.385954
       1.383612
       1.381276
       1.378947
       1.376624
       1.374309
       1.372001
       1.369699
       1.367405
       1.365117
       1.362837
       1.360564
       1.358298
        1.35604
       1.353788
       1.351544
       1.349308
       1.347079
       1.344857
       1.342643
       1.340436
       1.338237
       1.336046
       1.333862
       1.331686
       1.329517
       1.327357
       1.325204
       1.323059
       1.320922
       1.318792
       1.316671
       1.314558
       1.312452
       1.310355
       1.308265
       1.306184
       1.304111
       1.302046
       1.299989
        1.29794
       1.295899
       1.293867
       1.291843
       1.289827
       1.287819
        1.28582
       1.283829
       1.281846
       1.279872
       1.277906
       1.275948
       1.273999
       1.272059
       1.270126
       1.268203
       1.266287
       1.264381
       1.262482
       1.260593
       1.258711
       1.256839
       1.254975
       1.253119
       1.251272
       1.249434
       1.247604
       1.245783
       1.243971
       1.242167
       1.240371
       1.238585
       1.236807
       1.235038
       1.233277
       1.231525
       1.229782
       1.228048
       1.226322
       1.224605
       1.222896
       1.221197
       1.219506
       1.217823
        1.21615
       1.214485
       1.212829
       1.211182
       1.209544
       1.207914
       1.206293
       1.204681
       1.203078
       1.201483
       1.199898
       1.198321
       1.196753
       1.195194
       1.193644
       1.192102
        1.19057
       1.189047
       1.187533
       1.186027
       1.184531
       1.183044
       1.181566
       1.180097
       1.178637
       1.177186
       1.175745
       1.174313
       1.172891
       1.171478
       1.170074
       1.168681
       1.167296
       1.165922
       1.164557
       1.163203
       1.161858
       1.160524
       1.159199
       1.157886
       1.156582
        1.15529
       1.154008
       1.152737
       1.151477
       1.150228
       1.148991
       1.147765
       1.146551
       1.145349
       1.144159
       1.142982
       1.141817
       1.140665
       1.139527
       1.138401
       1.137289
       1.136192
       1.135108
       1.134039
       1.132984
       1.131944
        1.13092
       1.129912
       1.128919
       1.127943
       1.126984
       1.126041
       1.125116
       1.124209
       1.123319
       1.122448
       1.121596
       1.120763
        1.11995
       1.119157
       1.118384
       1.117632
         1.1169
       1.116191
       1.115503
       1.114837
       1.114194
       1.113573
       1.112977
       1.112403
       1.111854
       1.111329
       1.110828
       1.110353
       1.109903
       1.109478
       1.109079
       1.108706
        1.10836
        1.10804
       1.107747
       1.107481
       1.107242
       1.107031
       1.106847
        1.10669
       1.106562
       1.106461
       1.106388
       1.106343
       1.106327
