             10
       1.002182
       1.002907
       1.003849
       1.005061
       1.006607
       1.008563
       1.011016
       1.014065
       1.017825
       1.022423
       1.027995
       1.034693
       1.042673
       1.052098
       1.063133
        1.07594
        1.09067
       1.107463
       1.126433
       1.147671
       1.171229
       1.197119
       1.225309
       1.255714
       1.288195
       1.322563
        1.35857
       1.395923
        1.43428
       1.473263
       1.512463
       1.551451
       1.589789
       1.627037
        1.66277
        1.69658
       1.728088
       1.756952
       1.782869
       1.805579
       1.824866
       1.840557
       1.852523
       1.860673
       1.864954
       1.865346
       1.861861
       1.854541
       1.843455
       1.828702
       1.810411
       1.788742
       1.763885
       1.736068
       1.705552
       1.672634
       1.637645
       1.600947
       1.562931
       1.524005
       1.484592
       1.445121
       1.406011
       1.367668
       1.330469
       1.294758
       1.260833
       1.228942
        1.19928
       1.171982
       1.147128
       1.124742
       1.104798
       1.087222
       1.071904
       1.058702
       1.047451
       1.037971
       1.030074
       1.023572
       1.018281
       1.014026
       1.010644
        1.00799
       1.005932
       1.004357
       1.003167
       1.002283
       1.001635
       1.001173
       1.000852
       1.000642
       1.000519
       1.000469
       1.000483
       1.000559
       1.000699
       1.000914
       1.001217
       1.001631
