             50
       1.151431
        1.15543
       1.160235
       1.165833
       1.172209
       1.179347
       1.187226
       1.195826
       1.205122
        1.21509
         1.2257
       1.236921
       1.248721
       1.261063
       1.273909
       1.287218
       1.300946
       1.315046
       1.329471
       1.344168
       1.359086
       1.374167
       1.389355
       1.404591
       1.419813
       1.434959
       1.449967
       1.464771
       1.479308
       1.493514
       1.507323
       1.520673
       1.533501
       1.545746
        1.55735
       1.568255
       1.578407
       1.587755
       1.596251
       1.603853
       1.610519
       1.616214
       1.620909
       1.624577
       1.627199
       1.628758
       1.629246
       1.628658
       1.626997
        1.62427
       1.620488
       1.615672
       1.609845
       1.603036
       1.595279
       1.586612
        1.57708
       1.566729
       1.555611
       1.543781
       1.531296
       1.518217
       1.504606
       1.490528
        1.47605
       1.461237
       1.446156
       1.430877
       1.415466
       1.399989
       1.384512
         1.3691
       1.353815
       1.338718
       1.323868
       1.309321
       1.295131
       1.281349
       1.268023
       1.255199
       1.242918
       1.231222
       1.220144
        1.20972
        1.19998
        1.19095
       1.182655
       1.175118
       1.168357
       1.162388
       1.157227
       1.152884
       1.149368
       1.146686
       1.144844
       1.143844
       1.143687
       1.144371
       1.145894
        1.14825
