              1
              1
              1
              1
              1
              1
              1
              1
              1
              1
              1
              1
              1
       1.000001
       1.000003
        1.00001
       1.000029
       1.000082
       1.000217
       1.000552
       1.001332
       1.003055
       1.006649
       1.013713
       1.026769
       1.049407
       1.086118
       1.141636
       1.219659
       1.321171
       1.442935
       1.576991
       1.711836
        1.83526
       1.937828
        2.01545
       2.069778
       2.106396
       2.131984
        2.15201
       2.169826
       2.186981
       2.203999
       2.220998
       2.237995
       2.254985
       2.271956
       2.288878
       2.305675
       2.322174
       2.338007
       2.352431
        2.36406
       2.370509
       2.368018
        2.35125
       2.313535
       2.247884
       2.148897
       2.015275
       1.852066
       1.671378
       1.490569
       1.327962
       1.197607
       1.105458
       1.048811
       1.019078
       1.006075
       1.001496
       1.000262
       1.000028
       1.000001
              1
              1
              1
              1
              1
              1
              1
              1
              1
              1
              1
              1
              1
              1
              1
              1
              1
              1
              1
              1
              1
              1
              1
              1
              1
              1
              1
              1
