            100
       1.485162
       1.485397
       1.485873
       1.486586
       1.487535
       1.488716
       1.490124
       1.491754
       1.493598
       1.495651
       1.497904
       1.500347
       1.502972
       1.505767
       1.508722
       1.511826
       1.515066
       1.518428
       1.521901
        1.52547
       1.529121
        1.53284
       1.536612
       1.540422
       1.544255
       1.548096
        1.55193
       1.555742
       1.559516
       1.563239
       1.566894
       1.570468
       1.573947
       1.577316
       1.580563
       1.583675
       1.586639
       1.589444
       1.592078
       1.594532
       1.596795
       1.598859
       1.600715
       1.602357
       1.603777
        1.60497
       1.605932
       1.606658
       1.607146
       1.607393
         1.6074
       1.607165
        1.60669
       1.605976
       1.605027
       1.603846
       1.602437
       1.600807
       1.598962
       1.596909
       1.594655
       1.592211
       1.589586
        1.58679
       1.583834
        1.58073
       1.577489
       1.574126
       1.570653
       1.567083
       1.563431
       1.559712
        1.55594
        1.55213
       1.548296
       1.544455
       1.540621
       1.536809
       1.533035
       1.529313
       1.525658
       1.522084
       1.518606
       1.515237
        1.51199
       1.508879
       1.505916
       1.503112
       1.500478
       1.498025
       1.495763
       1.493699
       1.491844
       1.490203
       1.488783
        1.48759
       1.486629
       1.485903
       1.485416
       1.485169
