              5
       1.148295
       1.150743
       1.154881
       1.160671
       1.168063
       1.176991
       1.187383
        1.19916
       1.212236
        1.22653
        1.24196
       1.258447
       1.275919
       1.294306
       1.313544
       1.333573
       1.354335
       1.375772
       1.397828
       1.420443
       1.443558
       1.467107
       1.491023
       1.515232
       1.539659
       1.564223
       1.588837
       1.613414
       1.637859
       1.662078
       1.685972
       1.709442
       1.732385
       1.754701
       1.776289
       1.797046
       1.816876
       1.835682
       1.853371
       1.869855
        1.88505
       1.898877
       1.911265
       1.922148
       1.931468
       1.939175
       1.945228
       1.949593
       1.952247
       1.953175
       1.952372
       1.949842
       1.945598
       1.939663
        1.93207
       1.922858
       1.912078
       1.899785
       1.886045
       1.870928
       1.854514
       1.836884
       1.818128
       1.798338
       1.777609
       1.756041
       1.733734
        1.71079
        1.68731
       1.663397
        1.63915
       1.614669
       1.590051
       1.565389
       1.540773
        1.51629
       1.492024
       1.468053
       1.444451
       1.421289
       1.398634
       1.376549
       1.355096
       1.334332
       1.314317
       1.295108
       1.276762
       1.259342
        1.24291
       1.227532
       1.213278
       1.200221
       1.188437
       1.178002
       1.168991
       1.161477
       1.155525
       1.151193
       1.148526
       1.147555
