             20
        1.02444
       1.027839
       1.031926
       1.036745
       1.042346
       1.048784
       1.056118
       1.064409
       1.073722
       1.084118
       1.095659
       1.108403
       1.122405
       1.137711
       1.154362
       1.172386
       1.191803
       1.212617
       1.234819
       1.258386
       1.283276
       1.309429
       1.336769
       1.365198
       1.394602
       1.424847
       1.455782
       1.487236
       1.519026
       1.550952
       1.582802
       1.614354
       1.645378
       1.675638
       1.704895
       1.732911
       1.759452
       1.784288
       1.807199
       1.827977
        1.84643
       1.862382
       1.875678
       1.886185
       1.893793
        1.89842
        1.90001
       1.898536
       1.893999
        1.88643
       1.875887
       1.862461
       1.846264
        1.82744
       1.806153
       1.782592
       1.756963
       1.729491
       1.700414
        1.66998
       1.638444
       1.606065
       1.573103
       1.539813
       1.506445
       1.473237
       1.440415
       1.408191
       1.376757
       1.346287
       1.316934
       1.288827
       1.262075
       1.236763
       1.212956
       1.190693
       1.169998
       1.150871
         1.1333
       1.117253
       1.102688
        1.08955
       1.077777
       1.067299
       1.058042
        1.04993
       1.042886
       1.036835
       1.031705
       1.027427
        1.02394
       1.021189
       1.019124
       1.017707
       1.016906
       1.016699
       1.017073
       1.018025
       1.019559
        1.02169
