              1
       1.107432
       1.111332
       1.117784
       1.126436
       1.136879
       1.148739
       1.161738
       1.175711
       1.190579
       1.206318
       1.222923
       1.240393
       1.258725
        1.27791
       1.297934
       1.318776
       1.340409
       1.362798
       1.385904
       1.409677
       1.434065
       1.459004
       1.484426
       1.510255
        1.53641
       1.562802
       1.589337
       1.615916
       1.642433
        1.66878
       1.694844
       1.720512
       1.745665
       1.770186
       1.793956
       1.816857
       1.838773
       1.859591
       1.879201
       1.897498
       1.914382
       1.929759
       1.943543
       1.955658
       1.966032
       1.974606
       1.981331
       1.986168
       1.989087
       1.990072
       1.989117
       1.986227
        1.98142
       1.974724
       1.966176
       1.955828
       1.943738
       1.929976
       1.914619
       1.897753
       1.879472
       1.859876
       1.839068
        1.81716
       1.794265
       1.770498
       1.745978
       1.720823
       1.695152
        1.66908
       1.642725
       1.616198
       1.589607
       1.563059
       1.536652
       1.510481
       1.484634
       1.459194
       1.434237
       1.409831
       1.386039
       1.362915
       1.340507
       1.318857
       1.297998
       1.277958
       1.258758
       1.240414
       1.222939
       1.206342
       1.190637
       1.175848
       1.162019
       1.149231
       1.137618
       1.127384
       1.118803
       1.112208
       1.107942
       1.106296
