             10
       1.187212
       1.189264
       1.192739
       1.197622
       1.203888
       1.211507
       1.220441
       1.230649
       1.242082
       1.254689
       1.268412
       1.283194
       1.298973
       1.315684
       1.333263
       1.351644
       1.370757
       1.390535
       1.410907
       1.431802
       1.453148
       1.474871
       1.496896
       1.519148
       1.541547
       1.564014
       1.586467
       1.608826
       1.631004
       1.652917
        1.67448
       1.695605
       1.716206
       1.736198
       1.755494
       1.774012
       1.791669
       1.808386
       1.824086
       1.838697
       1.852151
       1.864382
       1.875333
        1.88495
       1.893186
            1.9
       1.905359
       1.909235
       1.911609
       1.912469
       1.911811
       1.909636
       1.905956
       1.900789
        1.89416
       1.886101
       1.876652
       1.865858
       1.853773
       1.840452
       1.825961
       1.810366
        1.79374
       1.776159
       1.757703
       1.738454
       1.718495
       1.697913
       1.676794
       1.655227
       1.633298
       1.611095
       1.588705
       1.566214
       1.543705
       1.521262
       1.498965
       1.476894
       1.455127
        1.43374
       1.412806
       1.392397
       1.372585
       1.353437
       1.335023
       1.317407
       1.300654
       1.284827
       1.269988
       1.256195
       1.243505
       1.231973
        1.22165
       1.212583
       1.204815
       1.198384
       1.193324
        1.18966
       1.187412
       1.186595
