             20
       1.021671
       1.024838
       1.028593
       1.032975
       1.038031
       1.043809
       1.050358
       1.057731
        1.06598
       1.075154
       1.085302
       1.096469
       1.108693
       1.122007
       1.136435
       1.151992
       1.168682
       1.186496
       1.205414
       1.225399
       1.246401
       1.268355
       1.291178
       1.314773
       1.339028
       1.363813
       1.388988
       1.414398
       1.439877
        1.46525
       1.490331
       1.514934
       1.538866
       1.561932
       1.583943
        1.60471
       1.624054
       1.641802
       1.657794
       1.671885
       1.683944
       1.693858
       1.701532
       1.706893
       1.709889
       1.710488
       1.708683
       1.704489
       1.697942
       1.689101
       1.678045
       1.664873
       1.649706
       1.632676
       1.613936
       1.593649
       1.571989
       1.549141
       1.525295
       1.500645
       1.475387
       1.449715
       1.423821
       1.397891
       1.372103
       1.346624
       1.321612
        1.29721
       1.273546
       1.250735
       1.228873
       1.208043
       1.188308
       1.169717
       1.152303
       1.136084
       1.121062
        1.10723
       1.094567
       1.083042
       1.072617
       1.063246
       1.054877
       1.047458
       1.040931
       1.035239
       1.030326
       1.026138
       1.022623
       1.019733
       1.017428
       1.015669
       1.014426
       1.013676
       1.013401
       1.013592
       1.014244
       1.015364
       1.016962
       1.019056
