              5
              1
              1
              1
              1
              1
              1
              1
              1
              1
              1
              1
              1
              1
              1
              1
              1
              1
              1
              1
              1
              1
              1
              1
              1
              1
              1
              1
              1
              1
              1
              1
              1
              1
              1
              1
              1
              1
              1
              1
              1
              1
              1
              1
              1
              1
              1
              1
              1
              1
              1
              1
              1
              1
              1
              1
              1
              1
              1
              1
              1
              1
              1
              1
              1
              1
              1
              1
              1
              1
              1
              1
              1
              1
              1
              1
              1
              1
              1
              1
              1
              1
              1
              1
              1
              1
              1
              1
              1
              1
              1
              1
              1
              1
              1
              1
              1
              1
              1
              1
              1
              1
              1
              1
              1
              1
              1
              1
              1
              1
              1
              1
              1
              1
              1
              1
              1
              1
              1
              1
              1
              1
              1
              1
              1
              1
              1
              1
              1
              1
              1
              1
              1
              1
              1
              1
              1
              1
              1
              1
              1
              1
              1
              1
              1
              1
              1
              1
              1
              1
              1
              1
              1
              1
              1
              1
              1
              1
              1
              1
              1
              1
              1
              1
              1
              1
              1
              1
              1
              1
              1
              1
              1
              1
              1
              1
              1
              1
              1
              1
              1
              1
              1
              1
              1
              1
              1
              1
              1
       1.000001
       1.000001
       1.000001
       1.000001
       1.000001
       1.000002
       1.000002
       1.000003
       1.000003
       1.000004
       1.000005
       1.000006
       1.000007
       1.000009
        1.00001
       1.000013
       1.000015
       1.000018
       1.000022
       1.000026
       1.000032
       1.000038
       1.000045
       1.000054
       1.000064
       1.000076
       1.000091
       1.000107
       1.000127
        1.00015
       1.000177
       1.000208
       1.000245
       1.000288
       1.000337
       1.000394
        1.00046
       1.000536
       1.000624
       1.000725
       1.000841
       1.000974
       1.001126
         1.0013
       1.001498
       1.001723
       1.001978
       1.002268
       1.002596
       1.002966
       1.003384
       1.003854
       1.004382
       1.004974
       1.005637
       1.006377
       1.007203
       1.008122
       1.009144
       1.010276
        1.01153
       1.012916
       1.014445
       1.016128
       1.017977
       1.020006
       1.022227
       1.024654
       1.027302
       1.030185
       1.033318
       1.036716
       1.040396
       1.044372
       1.048662
        1.05328
       1.058243
       1.063567
       1.069266
       1.075356
       1.081852
       1.088768
       1.096116
       1.103909
       1.112158
       1.120874
       1.130066
        1.13974
       1.149903
        1.16056
       1.171713
       1.183362
       1.195508
       1.208146
       1.221273
       1.234879
       1.248957
       1.263494
       1.278477
       1.293889
       1.309714
        1.32593
       1.342515
       1.359446
       1.376696
       1.394238
       1.412041
       1.430077
       1.448312
       1.466713
       1.485247
       1.503878
       1.522572
       1.541292
       1.560003
        1.57867
       1.597257
        1.61573
       1.634054
       1.652197
       1.670127
       1.687812
       1.705225
       1.722337
       1.739123
        1.75556
       1.771624
       1.787297
       1.802561
         1.8174
       1.831801
       1.845754
       1.859249
       1.872279
        1.88484
       1.896931
       1.908549
       1.919698
        1.93038
         1.9406
       1.950366
       1.959685
       1.968566
       1.977022
       1.985062
       1.992702
       1.999953
        2.00683
       2.013349
       2.019524
       2.025371
       2.030906
       2.036145
       2.041104
       2.045798
       2.050244
       2.054455
       2.058448
       2.062237
       2.065835
       2.069257
       2.072515
       2.075623
       2.078591
       2.081431
       2.084154
       2.086769
       2.089287
       2.091716
       2.094065
        2.09634
        2.09855
         2.1007
       2.102796
       2.104845
       2.106851
       2.108819
       2.110754
       2.112658
       2.114535
        2.11639
       2.118223
       2.120038
       2.121838
       2.123623
       2.125397
       2.127159
       2.128913
       2.130659
       2.132398
       2.134131
       2.135858
       2.137582
       2.139302
       2.141019
       2.142733
       2.144444
       2.146154
       2.147862
       2.149569
       2.151275
       2.152979
       2.154683
       2.156386
       2.158089
       2.159791
       2.161493
       2.163194
       2.164895
       2.166596
       2.168297
       2.169998
       2.171698
       2.173398
       2.175099
       2.176799
       2.178499
       2.180199
         2.1819
         2.1836
         2.1853
          2.187
         2.1887
         2.1904
         2.1921
         2.1938
         2.1955
         2.1972
         2.1989
         2.2006
         2.2023
          2.204
         2.2057
         2.2074
         2.2091
         2.2108
         2.2125
         2.2142
         2.2159
         2.2176
         2.2193
          2.221
         2.2227
         2.2244
         2.2261
         2.2278
         2.2295
         2.2312
         2.2329
         2.2346
         2.2363
          2.238
         2.2397
         2.2414
         2.2431
         2.2448
         2.2465
         2.2482
         2.2499
         2.2516
         2.2533
          2.255
         2.2567
         2.2584
         2.2601
         2.2618
         2.2635
         2.2652
         2.2669
         2.2686
         2.2703
          2.272
         2.2737
         2.2754
         2.2771
         2.2788
         2.2805
         2.2822
         2.2839
         2.2856
         2.2873
          2.289
         2.2907
         2.2924
         2.2941
         2.2958
         2.2975
         2.2992
         2.3009
         2.3026
         2.3043
          2.306
         2.3077
         2.3094
         2.3111
         2.3128
         2.3145
         2.3162
       2.317899
       2.319599
       2.321299
       2.322999
       2.324699
       2.326398
       2.328098
       2.329797
       2.331497
       2.333196
       2.334895
       2.336594
       2.338293
       2.339991
       2.341689
       2.343387
       2.345084
       2.346781
       2.348477
       2.350173
       2.351867
        2.35356
       2.355253
       2.356943
       2.358632
       2.360319
       2.362003
       2.363685
       2.365364
       2.367038
       2.368709
       2.370374
       2.372034
       2.373686
       2.375331
       2.376967
       2.378593
       2.380207
       2.381808
       2.383393
       2.384961
       2.386509
       2.388035
       2.389535
       2.391006
       2.392445
       2.393848
       2.395209
       2.396525
       2.397789
       2.398996
        2.40014
       2.401212
       2.402206
       2.403112
       2.403922
       2.404626
       2.405214
       2.405673
       2.405992
       2.406158
       2.406156
       2.405972
       2.405591
       2.404995
       2.404167
        2.40309
       2.401744
       2.400109
       2.398165
        2.39589
       2.393263
       2.390261
        2.38686
       2.383039
       2.378772
       2.374036
       2.368808
       2.363063
       2.356779
       2.349932
       2.342499
        2.33446
       2.325794
        2.31648
         2.3065
       2.295839
       2.284481
       2.272413
       2.259623
       2.246104
       2.231849
       2.216854
       2.201118
       2.184644
       2.167437
       2.149504
       2.130857
        2.11151
       2.091483
       2.070794
        2.04947
       2.027537
       2.005026
       1.981971
       1.958409
        1.93438
       1.909925
       1.885088
       1.859917
        1.83446
       1.808767
       1.782889
        1.75688
       1.730792
       1.704678
       1.678594
       1.652593
       1.626727
       1.601049
        1.57561
        1.55046
       1.525647
       1.501216
       1.477212
       1.453674
       1.430643
       1.408154
       1.386238
       1.364926
       1.344245
       1.324216
       1.304859
       1.286192
       1.268226
       1.250971
       1.234434
       1.218617
       1.203522
       1.189144
        1.17548
        1.16252
       1.150254
       1.138669
        1.12775
       1.117482
       1.107844
       1.098819
       1.090384
       1.082519
       1.075199
       1.068402
       1.062103
        1.05628
       1.050906
       1.045959
       1.041414
       1.037247
       1.033435
       1.029955
       1.026786
       1.023906
       1.021293
       1.018929
       1.016794
       1.014871
       1.013142
        1.01159
       1.010202
       1.008961
       1.007856
       1.006873
       1.006001
       1.005229
       1.004547
       1.003945
       1.003416
       1.002952
       1.002546
       1.002191
       1.001882
       1.001613
       1.001379
       1.001177
       1.001002
       1.000852
       1.000722
       1.000611
       1.000516
       1.000435
       1.000365
       1.000307
       1.000257
       1.000214
       1.000179
       1.000149
       1.000123
       1.000102
       1.000084
       1.000069
       1.000057
       1.000047
       1.000038
       1.000031
       1.000026
       1.000021
       1.000017
       1.000014
       1.000011
       1.000009
       1.000007
       1.000006
       1.000005
       1.000004
       1.000003
       1.000002
       1.000002
       1.000001
       1.000001
       1.000001
       1.000001
       1.000001
              1
              1
              1
              1
              1
              1
              1
              1
              1
              1
              1
              1
              1
              1
              1
              1
              1
              1
              1
              1
              1
              1
              1
              1
              1
              1
              1
              1
              1
              1
              1
              1
              1
              1
              1
              1
              1
              1
              1
              1
              1
              1
              1
              1
              1
              1
              1
              1
              1
              1
              1
              1
              1
              1
              1
              1
              1
              1
              1
              1
              1
              1
              1
              1
              1
              1
              1
              1
              1
              1
              1
              1
              1
              1
              1
              1
              1
              1
              1
              1
              1
              1
              1
              1
              1
              1
              1
              1
              1
              1
              1
              1
              1
              1
              1
              1
              1
              1
              1
              1
              1
              1
              1
              1
              1
              1
              1
              1
              1
              1
              1
              1
              1
              1
              1
              1
              1
              1
              1
              1
              1
              1
              1
              1
              1
              1
              1
              1
              1
              1
              1
              1
              1
              1
              1
              1
              1
              1
              1
              1
              1
              1
              1
              1
              1
              1
              1
              1
              1
              1
              1
              1
              1
              1
              1
              1
              1
              1
              1
              1
              1
              1
              1
              1
              1
              1
              1
              1
              1
              1
              1
              1
              1
              1
              1
              1
              1
              1
              1
              1
              1
              1
              1
              1
              1
              1
              1
              1
              1
              1
              1
              1
              1
              1
              1
              1
              1
              1
              1
              1
              1
              1
              1
              1
              1
              1
              1
              1
              1
              1
              1
              1
              1
              1
              1
              1
              1
              1
              1
              1
              1
              1
              1
              1
              1
              1
              1
              1
              1
              1
              1
              1
              1
              1
              1
              1
              1
              1
              1
              1
              1
              1
              1
              1
              1
              1
              1
              1
              1
              1
              1
              1
              1
              1
              1
              1
              1
              1
              1
              1
              1
              1
              1
              1
              1
              1
              1
              1
              1
              1
              1
              1
              1
              1
              1
              1
              1
              1
              1
              1
              1
              1
              1
              1
              1
              1
              1
              1
              1
              1
              1
              1
