              2
       1.092003
       1.092077
       1.092204
       1.092383
       1.092615
       1.092897
        1.09323
       1.093611
       1.094039
       1.094513
       1.095031
        1.09559
        1.09619
       1.096828
       1.097502
       1.098209
       1.098949
       1.099719
       1.100517
       1.101341
       1.102189
       1.103061
       1.103953
       1.104865
       1.105795
       1.106742
       1.107705
       1.108683
       1.109674
       1.110678
       1.111695
       1.112723
       1.113761
        1.11481
       1.115869
       1.116938
       1.118016
       1.119103
       1.120199
       1.121303
       1.122416
       1.123537
       1.124666
       1.125804
       1.126949
       1.128103
       1.129265
       1.130435
       1.131613
         1.1328
       1.133994
       1.135196
       1.136407
       1.137625
       1.138852
       1.140087
        1.14133
       1.142581
       1.143841
       1.145108
       1.146384
       1.147669
       1.148961
       1.150262
       1.151571
       1.152889
       1.154215
       1.155549
       1.156892
       1.158243
       1.159603
       1.160971
       1.162348
       1.163733
       1.165127
       1.166529
        1.16794
       1.169359
       1.170787
       1.172224
       1.173669
       1.175123
       1.176585
       1.178056
       1.179536
       1.181025
       1.182522
       1.184028
       1.185543
       1.187066
       1.188598
       1.190139
       1.191689
       1.193247
       1.194815
       1.196391
       1.197976
       1.199569
       1.201172
       1.202783
       1.204404
       1.206033
        1.20767
       1.209317
       1.210973
       1.212637
       1.214311
       1.215993
       1.217684
       1.219384
       1.221093
        1.22281
       1.224537
       1.226272
       1.228016
        1.22977
       1.231532
       1.233302
       1.235082
       1.236871
       1.238668
       1.240475
        1.24229
       1.244114
       1.245946
       1.247788
       1.249639
       1.251498
       1.253366
       1.255243
       1.257128
       1.259023
       1.260926
       1.262838
       1.264759
       1.266688
       1.268626
       1.270573
       1.272528
       1.274492
       1.276465
       1.278447
       1.280437
       1.282435
       1.284442
       1.286458
       1.288482
       1.290515
       1.292557
       1.294606
       1.296665
       1.298731
       1.300806
        1.30289
       1.304982
       1.307082
        1.30919
       1.311307
       1.313432
       1.315565
       1.317706
       1.319856
       1.322013
       1.324179
       1.326353
       1.328535
       1.330725
       1.332923
       1.335128
       1.337342
       1.339563
       1.341793
        1.34403
       1.346275
       1.348527
       1.350787
       1.353055
       1.355331
       1.357614
       1.359904
       1.362202
       1.364507
        1.36682
        1.36914
       1.371467
       1.373802
       1.376143
       1.378492
       1.380848
       1.383211
       1.385581
       1.387958
       1.390341
       1.392732
       1.395129
       1.397533
       1.399944
       1.402361
       1.404785
       1.407215
       1.409652
       1.412095
       1.414545
          1.417
       1.419462
        1.42193
       1.424404
       1.426884
        1.42937
       1.431862
        1.43436
       1.436863
       1.439373
       1.441887
       1.444408
       1.446933
       1.449464
       1.452001
       1.454543
        1.45709
       1.459642
       1.462199
       1.464761
       1.467328
       1.469899
       1.472476
       1.475057
       1.477643
       1.480233
       1.482828
       1.485427
        1.48803
       1.490638
       1.493249
       1.495865
       1.498484
       1.501108
       1.503735
       1.506366
          1.509
       1.511638
        1.51428
       1.516924
       1.519572
       1.522224
       1.524878
       1.527535
       1.530195
       1.532858
       1.535524
       1.538192
       1.540863
       1.543536
       1.546211
       1.548889
       1.551569
       1.554251
       1.556935
        1.55962
       1.562308
       1.564997
       1.567688
        1.57038
       1.573073
       1.575768
       1.578464
       1.581161
       1.583859
       1.586557
       1.589257
       1.591957
       1.594658
       1.597359
        1.60006
       1.602761
       1.605463
       1.608165
       1.610866
       1.613568
       1.616269
       1.618969
       1.621669
       1.624368
       1.627067
       1.629765
       1.632461
       1.635157
       1.637851
       1.640544
       1.643236
       1.645926
       1.648614
       1.651301
       1.653985
       1.656668
       1.659349
       1.662027
       1.664703
       1.667376
       1.670047
       1.672715
        1.67538
       1.678043
       1.680702
       1.683358
       1.686011
        1.68866
       1.691306
       1.693948
       1.696587
       1.699221
       1.701852
       1.704478
         1.7071
       1.709718
       1.712331
        1.71494
       1.717544
       1.720143
       1.722737
       1.725326
       1.727909
       1.730488
       1.733061
       1.735628
       1.738189
       1.740745
       1.743295
       1.745839
       1.748376
       1.750907
       1.753432
        1.75595
       1.758462
       1.760966
       1.763464
       1.765955
       1.768438
       1.770914
       1.773383
       1.775844
       1.778298
       1.780743
       1.783181
       1.785611
       1.788032
       1.790446
       1.792851
       1.795247
       1.797635
       1.800014
       1.802384
       1.804745
       1.807097
        1.80944
       1.811773
       1.814097
       1.816411
       1.818715
        1.82101
       1.823295
       1.825569
       1.827834
       1.830088
       1.832331
       1.834564
       1.836787
       1.838998
       1.841199
       1.843389
       1.845567
       1.847734
        1.84989
       1.852035
       1.854167
       1.856288
       1.858398
       1.860495
        1.86258
       1.864653
       1.866714
       1.868762
       1.870798
       1.872821
       1.874832
       1.876829
       1.878814
       1.880786
       1.882744
        1.88469
       1.886622
        1.88854
       1.890445
       1.892336
       1.894213
       1.896077
       1.897926
       1.899761
       1.901582
       1.903389
       1.905182
       1.906959
       1.908723
       1.910471
       1.912205
       1.913924
       1.915628
       1.917316
        1.91899
       1.920648
       1.922291
       1.923918
        1.92553
       1.927126
       1.928707
       1.930271
        1.93182
       1.933353
       1.934869
        1.93637
       1.937854
       1.939322
       1.940773
       1.942208
       1.943626
       1.945027
       1.946412
        1.94778
       1.949131
       1.950465
       1.951781
       1.953081
       1.954363
       1.955629
       1.956876
       1.958107
       1.959319
       1.960514
       1.961692
       1.962852
       1.963994
       1.965118
       1.966224
       1.967312
       1.968382
       1.969434
       1.970468
       1.971483
        1.97248
       1.973459
       1.974419
       1.975361
       1.976285
        1.97719
       1.978076
       1.978943
       1.979792
       1.980622
       1.981433
       1.982225
       1.982998
       1.983752
       1.984487
       1.985204
         1.9859
       1.986578
       1.987237
       1.987876
       1.988496
       1.989097
       1.989679
       1.990241
       1.990783
       1.991307
        1.99181
       1.992294
       1.992759
       1.993204
        1.99363
       1.994036
       1.994422
       1.994788
       1.995135
       1.995462
        1.99577
       1.996058
       1.996325
       1.996574
       1.996802
       1.997011
       1.997199
       1.997368
       1.997517
       1.997646
       1.997756
       1.997845
       1.997915
       1.997965
       1.997994
       1.998004
       1.997994
       1.997965
       1.997915
       1.997845
       1.997756
       1.997647
       1.997518
       1.997369
         1.9972
       1.997011
       1.996803
       1.996574
       1.996326
       1.996058
       1.995771
       1.995463
       1.995136
        1.99479
       1.994423
       1.994037
       1.993631
       1.993206
       1.992761
       1.992296
       1.991812
       1.991308
       1.990785
       1.990242
        1.98968
       1.989099
       1.988498
       1.987878
       1.987239
        1.98658
       1.985903
       1.985206
        1.98449
       1.983755
          1.983
       1.982227
       1.981435
       1.980624
       1.979794
       1.978946
       1.978078
       1.977192
       1.976288
       1.975364
       1.974422
       1.973462
       1.972483
       1.971486
       1.970471
       1.969437
       1.968385
       1.967315
       1.966227
       1.965121
       1.963997
       1.962855
       1.961696
       1.960518
       1.959323
        1.95811
        1.95688
       1.955632
       1.954367
       1.953085
       1.951785
       1.950469
       1.949135
       1.947784
       1.946416
       1.945032
        1.94363
       1.942212
       1.940777
       1.939326
       1.937858
       1.936374
       1.934874
       1.933357
       1.931825
       1.930276
       1.928712
       1.927131
       1.925535
       1.923923
       1.922296
       1.920653
       1.918995
       1.917321
       1.915633
       1.913929
        1.91221
       1.910476
       1.908728
       1.906965
       1.905187
       1.903395
       1.901588
       1.899767
       1.897931
       1.896082
       1.894219
       1.892341
        1.89045
       1.888546
       1.886627
       1.884695
        1.88275
       1.880792
        1.87882
       1.876835
       1.874838
       1.872827
       1.870804
       1.868768
        1.86672
       1.864659
       1.862586
       1.860501
       1.858404
       1.856294
       1.854173
       1.852041
       1.849896
        1.84774
       1.845573
       1.843395
       1.841205
       1.839005
       1.836793
       1.834571
       1.832338
       1.830094
        1.82784
       1.825576
       1.823301
       1.821016
       1.818722
       1.816417
       1.814103
       1.811779
       1.809446
       1.807103
       1.804751
        1.80239
        1.80002
       1.797641
       1.795253
       1.792857
       1.790452
       1.788039
       1.785617
       1.783188
        1.78075
       1.778304
       1.775851
       1.773389
       1.770921
       1.768444
       1.765961
        1.76347
       1.760973
       1.758468
       1.755957
       1.753438
       1.750914
       1.748383
       1.745845
       1.743301
       1.740752
       1.738196
       1.735634
       1.733067
       1.730494
       1.727916
       1.725332
       1.722743
       1.720149
        1.71755
       1.714946
       1.712338
       1.709724
       1.707107
       1.704485
       1.701858
       1.699228
       1.696593
       1.693955
       1.691313
       1.688667
       1.686017
       1.683365
       1.680708
       1.678049
       1.675387
       1.672721
       1.670053
       1.667382
       1.664709
       1.662033
       1.659355
       1.656674
       1.653992
       1.651307
        1.64862
       1.645932
       1.643242
        1.64055
       1.637857
       1.635163
       1.632467
       1.629771
       1.627073
       1.624374
       1.621675
       1.618975
       1.616274
       1.613573
       1.610872
        1.60817
       1.605469
       1.602767
       1.600066
       1.597364
       1.594663
       1.591963
       1.589262
       1.586563
       1.583864
       1.581166
       1.578469
       1.575773
       1.573079
       1.570385
       1.567693
       1.565002
       1.562313
       1.559626
        1.55694
       1.554256
       1.551574
       1.548894
       1.546216
       1.543541
       1.540868
       1.538197
       1.535529
       1.532863
         1.5302
        1.52754
       1.524883
       1.522228
       1.519577
       1.516929
       1.514284
       1.511643
       1.509005
        1.50637
       1.503739
       1.501112
       1.498489
       1.495869
       1.493254
       1.490642
       1.488034
       1.485431
       1.482832
       1.480237
       1.477647
       1.475061
        1.47248
       1.469904
       1.467332
       1.464765
       1.462203
       1.459646
       1.457093
       1.454547
       1.452005
       1.449468
       1.446937
       1.444411
       1.441891
       1.439376
       1.436867
       1.434364
       1.431866
       1.429374
       1.426888
       1.424408
       1.421934
       1.419466
       1.417004
       1.414548
       1.412098
       1.409655
       1.407219
       1.404788
       1.402364
       1.399947
       1.397536
       1.395132
       1.392735
       1.390344
       1.387961
       1.385584
       1.383214
       1.380851
       1.378495
       1.376146
       1.373804
        1.37147
       1.369142
       1.366822
        1.36451
       1.362204
       1.359906
       1.357616
       1.355333
       1.353057
        1.35079
       1.348529
       1.346277
       1.344032
       1.341795
       1.339565
       1.337344
        1.33513
       1.332924
       1.330727
       1.328537
       1.326355
       1.324181
       1.322015
       1.319857
       1.317708
       1.315566
       1.313433
       1.311308
       1.309192
       1.307083
       1.304983
       1.302891
       1.300808
       1.298733
       1.296666
       1.294608
       1.292558
       1.290516
       1.288484
       1.286459
       1.284443
       1.282436
       1.280438
       1.278448
       1.276466
       1.274493
       1.272529
       1.270574
       1.268627
       1.266689
       1.264759
       1.262839
       1.260927
       1.259023
       1.257129
       1.255243
       1.253366
       1.251498
       1.249639
       1.247789
       1.245947
       1.244114
        1.24229
       1.240475
       1.238668
       1.236871
       1.235082
       1.233303
       1.231532
        1.22977
       1.228016
       1.226272
       1.224537
        1.22281
       1.221092
       1.219384
       1.217684
       1.215993
        1.21431
       1.212637
       1.210973
       1.209317
        1.20767
       1.206032
       1.204403
       1.202783
       1.201172
       1.199569
       1.197975
        1.19639
       1.194814
       1.193247
       1.191688
       1.190139
       1.188598
       1.187065
       1.185542
       1.184027
       1.182521
       1.181024
       1.179535
       1.178056
       1.176584
       1.175122
       1.173668
       1.172223
       1.170786
       1.169358
       1.167939
       1.166528
       1.165126
       1.163732
       1.162347
        1.16097
       1.159602
       1.158242
       1.156891
       1.155548
       1.154214
       1.152888
        1.15157
       1.150261
        1.14896
       1.147668
       1.146383
       1.145107
        1.14384
        1.14258
       1.141329
       1.140086
       1.138851
       1.137624
       1.136406
       1.135196
       1.133994
       1.132799
       1.131614
       1.130436
       1.129266
       1.128105
       1.126952
       1.125807
        1.12467
       1.123542
       1.122422
       1.121311
       1.120208
       1.119114
        1.11803
       1.116954
       1.115889
       1.114833
       1.113787
       1.112752
       1.111729
       1.110717
       1.109718
       1.108732
       1.107759
       1.106802
       1.105861
       1.104936
        1.10403
       1.103143
       1.102278
       1.101434
       1.100615
       1.099821
       1.099054
       1.098317
       1.097611
       1.096938
       1.096299
       1.095698
       1.095135
       1.094613
       1.094134
       1.093699
        1.09331
       1.092968
       1.092675
       1.092433
       1.092242
       1.092102
       1.092016
       1.091983
