              2
              1
              1
              1
              1
              1
              1
              1
              1
              1
              1
              1
              1
              1
              1
              1
              1
              1
              1
              1
              1
              1
              1
              1
              1
              1
              1
              1
              1
              1
              1
              1
              1
              1
              1
              1
              1
              1
              1
              1
              1
              1
              1
              1
              1
              1
              1
              1
              1
              1
              1
              1
              1
              1
              1
              1
              1
              1
              1
              1
              1
              1
              1
              1
              1
              1
              1
              1
              1
              1
              1
              1
              1
              1
              1
              1
              1
              1
              1
              1
              1
              1
              1
              1
              1
              1
              1
              1
              1
              1
              1
              1
              1
              1
              1
              1
              1
              1
              1
              1
              1
              1
              1
              1
              1
              1
              1
              1
              1
              1
              1
              1
              1
              1
              1
              1
              1
              1
              1
              1
              1
              1
              1
              1
              1
              1
              1
              1
              1
              1
              1
              1
              1
              1
              1
              1
              1
              1
              1
              1
              1
              1
              1
              1
              1
              1
              1
              1
              1
              1
              1
              1
              1
              1
              1
              1
              1
              1
              1
              1
              1
              1
              1
              1
              1
              1
              1
              1
              1
              1
              1
              1
              1
              1
              1
              1
              1
              1
              1
              1
              1
              1
              1
              1
              1
              1
              1
              1
              1
              1
              1
              1
              1
              1
              1
              1
              1
              1
              1
              1
              1
              1
              1
              1
              1
              1
              1
              1
              1
              1
              1
              1
              1
              1
              1
              1
              1
              1
              1
              1
              1
              1
              1
              1
              1
              1
              1
              1
              1
       1.000001
       1.000001
       1.000001
       1.000002
       1.000002
       1.000003
       1.000004
       1.000006
       1.000008
        1.00001
       1.000014
       1.000018
       1.000024
       1.000032
       1.000042
       1.000055
       1.000072
       1.000094
       1.000122
       1.000158
       1.000203
       1.000261
       1.000334
       1.000425
       1.000539
       1.000681
       1.000858
       1.001075
       1.001343
        1.00167
        1.00207
       1.002554
        1.00314
       1.003844
       1.004688
       1.005695
       1.006892
       1.008306
       1.009971
       1.011924
       1.014202
       1.016849
       1.019912
       1.023438
       1.027481
       1.032095
       1.037337
       1.043266
       1.049942
       1.057425
       1.065772
       1.075043
       1.085292
        1.09657
       1.108922
       1.122388
       1.137001
       1.152783
       1.169748
       1.187899
       1.207227
        1.22771
       1.249315
       1.271992
       1.295682
        1.32031
        1.34579
       1.372023
       1.398899
       1.426299
       1.454097
       1.482158
       1.510346
       1.538519
       1.566538
       1.594263
       1.621559
       1.648298
       1.674357
       1.699625
          1.724
       1.747392
       1.769727
       1.790941
       1.810985
       1.829825
       1.847441
       1.863825
       1.878983
       1.892932
         1.9057
       1.917325
       1.927851
       1.937331
       1.945822
       1.953387
       1.960089
       1.965994
       1.971168
       1.975677
       1.979583
       1.982949
       1.985833
        1.98829
       1.990371
       1.992124
       1.993592
       1.994814
       1.995826
       1.996658
       1.997339
       1.997893
       1.998341
       1.998701
       1.998989
       1.999217
       1.999397
       1.999539
       1.999649
       1.999735
         1.9998
       1.999851
       1.999889
       1.999918
        1.99994
       1.999956
       1.999968
       1.999977
       1.999984
       1.999988
       1.999992
       1.999994
       1.999996
       1.999997
       1.999998
       1.999999
       1.999999
       1.999999
              2
              2
              2
              2
              2
              2
              2
              2
              2
              2
              2
              2
              2
              2
              2
              2
              2
              2
              2
              2
              2
              2
              2
              2
              2
              2
              2
              2
              2
              2
              2
              2
              2
              2
              2
              2
              2
              2
              2
              2
              2
              2
              2
              2
              2
              2
              2
              2
              2
              2
              2
              2
              2
              2
              2
              2
              2
              2
              2
              2
              2
              2
              2
              2
              2
              2
              2
              2
              2
              2
              2
              2
              2
              2
              2
              2
              2
              2
              2
              2
              2
              2
              2
              2
              2
              2
              2
              2
              2
              2
              2
              2
              2
              2
              2
              2
              2
              2
              2
              2
              2
              2
              2
              2
              2
              2
              2
              2
              2
              2
              2
              2
              2
              2
              2
              2
              2
              2
              2
              2
              2
              2
              2
              2
              2
              2
              2
              2
              2
              2
              2
              2
              2
              2
              2
              2
              2
              2
              2
              2
              2
              2
              2
              2
              2
              2
              2
              2
              2
              2
              2
              2
              2
              2
              2
              2
              2
              2
              2
              2
              2
              2
       1.999999
       1.999999
       1.999999
       1.999998
       1.999998
       1.999997
       1.999996
       1.999994
       1.999992
        1.99999
       1.999986
       1.999982
       1.999976
       1.999968
       1.999958
       1.999945
       1.999928
       1.999906
       1.999878
       1.999842
       1.999797
       1.999739
       1.999666
       1.999575
       1.999461
       1.999319
       1.999142
       1.998925
       1.998657
        1.99833
        1.99793
       1.997446
        1.99686
       1.996156
       1.995312
       1.994305
       1.993108
       1.991694
       1.990029
       1.988076
       1.985798
       1.983151
       1.980088
       1.976562
       1.972519
       1.967905
       1.962663
       1.956734
       1.950058
       1.942575
       1.934228
       1.924957
       1.914708
        1.90343
       1.891078
       1.877612
       1.862999
       1.847217
       1.830252
       1.812101
       1.792773
        1.77229
       1.750685
       1.728008
       1.704318
        1.67969
        1.65421
       1.627977
       1.601101
       1.573701
       1.545903
       1.517842
       1.489654
       1.461481
       1.433462
       1.405737
       1.378441
       1.351702
       1.325643
       1.300375
          1.276
       1.252608
       1.230273
       1.209059
       1.189015
       1.170175
       1.152559
       1.136175
       1.121017
       1.107068
         1.0943
       1.082675
       1.072149
       1.062669
       1.054178
       1.046613
       1.039911
       1.034006
       1.028832
       1.024323
       1.020417
       1.017051
       1.014167
        1.01171
       1.009629
       1.007876
       1.006408
       1.005186
       1.004174
       1.003342
       1.002661
       1.002107
       1.001659
       1.001299
       1.001011
       1.000783
       1.000603
       1.000461
       1.000351
       1.000265
         1.0002
       1.000149
       1.000111
       1.000082
        1.00006
       1.000044
       1.000032
       1.000023
       1.000016
       1.000012
       1.000008
       1.000006
       1.000004
       1.000003
       1.000002
       1.000001
       1.000001
       1.000001
              1
              1
              1
              1
              1
              1
              1
              1
              1
              1
              1
              1
              1
              1
              1
              1
              1
              1
              1
              1
              1
              1
              1
              1
              1
              1
              1
              1
              1
              1
              1
              1
              1
              1
              1
              1
              1
              1
              1
              1
              1
              1
              1
              1
              1
              1
              1
              1
              1
              1
              1
              1
              1
              1
              1
              1
              1
              1
              1
              1
              1
              1
              1
              1
              1
              1
              1
              1
              1
              1
              1
              1
              1
              1
              1
              1
              1
              1
              1
              1
              1
              1
              1
              1
              1
              1
              1
              1
              1
              1
              1
              1
              1
              1
              1
              1
              1
              1
              1
              1
              1
              1
              1
              1
              1
              1
              1
              1
              1
              1
              1
              1
              1
              1
              1
              1
              1
              1
              1
              1
              1
              1
              1
              1
              1
              1
              1
              1
              1
              1
              1
              1
              1
              1
              1
              1
              1
              1
              1
              1
              1
              1
              1
              1
              1
              1
              1
              1
              1
              1
              1
              1
              1
              1
              1
              1
              1
              1
              1
              1
              1
              1
              1
              1
              1
              1
              1
              1
              1
              1
              1
              1
              1
              1
              1
              1
              1
              1
              1
              1
              1
              1
              1
              1
              1
              1
              1
              1
              1
              1
              1
              1
              1
              1
              1
              1
              1
              1
              1
              1
              1
              1
              1
              1
              1
              1
              1
              1
              1
              1
              1
              1
              1
              1
              1
              1
              1
              1
              1
              1
              1
              1
              1
              1
              1
              1
              1
              1
              1
              1
              1
              1
              1
              1
              1
              1
              1
              1
              1
              1
              1
              1
              1
              1
              1
              1
              1
              1
              1
              1
              1
              1
              1
              1
              1
              1
              1
              1
              1
              1
              1
              1
              1
              1
              1
              1
              1
              1
              1
              1
              1
              1
              1
              1
              1
              1
              1
              1
              1
              1
              1
              1
              1
              1
              1
              1
              1
              1
              1
              1
              1
              1
              1
              1
              1
              1
              1
              1
              1
              1
              1
              1
              1
              1
              1
              1
              1
              1
              1
              1
              1
              1
              1
              1
              1
              1
              1
              1
              1
              1
              1
              1
              1
              1
              1
              1
              1
              1
              1
              1
              1
              1
              1
              1
