              1
              1
              1
              1
              1
              1
              1
              1
              1
              1
              1
              1
              1
              1
              1
              1
              1
              1
              1
              1
              1
              1
              1
              1
              1
              1
              1
              1
              1
              1
              1
              1
              1
              1
              1
              1
              1
              1
              1
              1
              1
              1
              1
              1
              1
              1
              1
              1
              1
              1
              1
              1
              1
              1
              1
              1
              1
              1
              1
              1
              1
              1
              1
              1
              1
              1
              1
              1
              1
              1
              1
              1
              1
              1
              1
              1
              1
              1
              1
              1
              1
              1
              1
              1
              1
              1
              1
              1
              1
              1
              1
              1
              1
              1
              1
              1
              1
              1
              1
              1
              1
              1
              1
              1
              1
              1
              1
              1
              1
              1
              1
              1
              1
              1
              1
              1
              1
              1
              1
              1
              1
              1
              1
              1
              1
              1
              1
              1
              1
              1
              1
              1
              1
              1
              1
              1
              1
              1
              1
              1
              1
              1
              1
              1
              1
              1
              1
              1
              1
              1
              1
              1
              1
              1
              1
              1
              1
              1
              1
              1
              1
              1
              1
              1
              1
              1
              1
              1
              1
              1
              1
              1
              1
              1
              1
              1
              1
              1
              1
              1
              1
              1
              1
              1
              1
              1
              1
              1
              1
              1
              1
              1
              1
              1
              1
              1
              1
              1
              1
              1
              1
              1
              1
              1
              1
              1
              1
              1
              1
              1
              1
              1
              1
              1
              1
              1
              1
              1
              1
              1
              1
              1
              1
              1
              1
              1
              1
              1
              1
              1
              1
              1
              1
              1
              1
              1
              1
              1
              1
              1
              1
              1
              1
              1
              1
              1
              1
              1
              1
              1
              1
              1
              1
              1
              1
      0.9999999
              1
              1
              1
              1
              1
      0.9999996
      0.9999986
      0.9999977
       0.999998
       1.000001
       1.000007
       1.000014
       1.000015
       1.000003
      0.9999723
      0.9999297
      0.9999004
      0.9999256
       1.000045
       1.000262
       1.000504
       1.000607
       1.000353
       0.999575
      0.9983254
      0.9970175
       0.996455
      0.9976361
       1.001309
       1.007376
       1.014376
       1.019372
       1.018484
       1.008127
      0.9866873
      0.9560996
      0.9226466
        0.89647
      0.8896626
      0.9133469
      0.9745793
       1.074078
       1.205561
       1.356947
       1.513074
       1.659068
       1.783352
       1.879492
       1.946516
       1.987892
       2.009703
       2.018699
       2.020781
       2.020187
       2.019368
       2.019339
       2.020216
       2.021721
       2.023517
       2.025371
       2.027178
       2.028922
       2.030625
       2.032314
       2.034003
       2.035698
       2.037398
       2.039099
         2.0408
         2.0425
         2.0442
         2.0459
         2.0476
         2.0493
          2.051
         2.0527
         2.0544
         2.0561
         2.0578
         2.0595
         2.0612
         2.0629
         2.0646
         2.0663
          2.068
         2.0697
         2.0714
         2.0731
         2.0748
         2.0765
         2.0782
         2.0799
         2.0816
         2.0833
          2.085
         2.0867
         2.0884
         2.0901
         2.0918
         2.0935
         2.0952
         2.0969
         2.0986
         2.1003
          2.102
         2.1037
         2.1054
         2.1071
         2.1088
         2.1105
         2.1122
         2.1139
         2.1156
         2.1173
          2.119
         2.1207
         2.1224
         2.1241
         2.1258
         2.1275
         2.1292
         2.1309
         2.1326
         2.1343
          2.136
         2.1377
         2.1394
         2.1411
         2.1428
         2.1445
         2.1462
         2.1479
         2.1496
         2.1513
          2.153
         2.1547
         2.1564
         2.1581
         2.1598
         2.1615
         2.1632
         2.1649
         2.1666
         2.1683
           2.17
         2.1717
         2.1734
         2.1751
         2.1768
         2.1785
         2.1802
         2.1819
         2.1836
         2.1853
          2.187
         2.1887
         2.1904
         2.1921
         2.1938
         2.1955
         2.1972
         2.1989
         2.2006
         2.2023
          2.204
         2.2057
         2.2074
         2.2091
         2.2108
         2.2125
         2.2142
         2.2159
         2.2176
         2.2193
          2.221
         2.2227
         2.2244
         2.2261
         2.2278
         2.2295
         2.2312
         2.2329
         2.2346
         2.2363
          2.238
         2.2397
         2.2414
         2.2431
         2.2448
         2.2465
         2.2482
         2.2499
         2.2516
         2.2533
          2.255
         2.2567
         2.2584
         2.2601
         2.2618
         2.2635
         2.2652
         2.2669
         2.2686
         2.2703
          2.272
         2.2737
         2.2754
         2.2771
         2.2788
         2.2805
         2.2822
         2.2839
         2.2856
         2.2873
          2.289
         2.2907
         2.2924
         2.2941
         2.2958
         2.2975
         2.2992
         2.3009
         2.3026
         2.3043
          2.306
         2.3077
         2.3094
         2.3111
         2.3128
         2.3145
         2.3162
         2.3179
         2.3196
         2.3213
          2.323
         2.3247
         2.3264
         2.3281
         2.3298
         2.3315
         2.3332
         2.3349
         2.3366
         2.3383
           2.34
         2.3417
         2.3434
         2.3451
         2.3468
         2.3485
         2.3502
         2.3519
         2.3536
         2.3553
          2.357
         2.3587
         2.3604
         2.3621
         2.3638
         2.3655
         2.3672
         2.3689
         2.3706
         2.3723
          2.374
         2.3757
         2.3774
         2.3791
         2.3808
         2.3825
         2.3842
         2.3859
         2.3876
         2.3893
          2.391
         2.3927
         2.3944
         2.3961
         2.3978
         2.3995
         2.4012
         2.4029
         2.4046
         2.4063
          2.408
         2.4097
         2.4114
         2.4131
         2.4148
         2.4165
         2.4182
         2.4199
         2.4216
         2.4233
          2.425
         2.4267
         2.4284
         2.4301
         2.4318
         2.4335
         2.4352
         2.4369
         2.4386
       2.440299
          2.442
       2.443701
       2.445402
       2.447104
       2.448803
       2.450498
       2.452189
       2.453879
       2.455577
       2.457295
       2.459042
       2.460806
        2.46255
       2.464212
       2.465732
       2.467105
        2.46844
       2.469984
       2.472069
       2.474943
       2.478528
         2.4822
       2.484747
       2.484661
       2.480816
       2.473362
       2.464504
       2.458677
       2.461734
        2.47908
       2.513142
       2.560991
       2.613138
       2.654276
        2.66616
       2.632022
       2.541239
        2.39276
         2.1961
       1.969517
       1.735908
       1.517726
       1.332433
       1.189721
       1.091029
         1.0311
       1.000732
      0.9897206
      0.9891502
      0.9926189
      0.9964242
      0.9990357
       1.000278
       1.000573
       1.000427
       1.000195
       1.000033
      0.9999672
      0.9999625
      0.9999795
      0.9999951
       1.000002
       1.000003
       1.000002
              1
      0.9999997
      0.9999997
      0.9999999
              1
              1
              1
              1
              1
              1
              1
              1
              1
              1
              1
              1
              1
              1
              1
              1
              1
              1
              1
              1
              1
              1
              1
              1
              1
              1
              1
              1
              1
              1
              1
              1
              1
              1
              1
              1
              1
              1
              1
              1
              1
              1
              1
              1
              1
              1
              1
              1
              1
              1
              1
              1
              1
              1
              1
              1
              1
              1
              1
              1
              1
              1
              1
              1
              1
              1
              1
              1
              1
              1
              1
              1
              1
              1
              1
              1
              1
              1
              1
              1
              1
              1
              1
              1
              1
              1
              1
              1
              1
              1
              1
              1
              1
              1
              1
              1
              1
              1
              1
              1
              1
              1
              1
              1
              1
              1
              1
              1
              1
              1
              1
              1
              1
              1
              1
              1
              1
              1
              1
              1
              1
              1
              1
              1
              1
              1
              1
              1
              1
              1
              1
              1
              1
              1
              1
              1
              1
              1
              1
              1
              1
              1
              1
              1
              1
              1
              1
              1
              1
              1
              1
              1
              1
              1
              1
              1
              1
              1
              1
              1
              1
              1
              1
              1
              1
              1
              1
              1
              1
              1
              1
              1
              1
              1
              1
              1
              1
              1
              1
              1
              1
              1
              1
              1
              1
              1
              1
              1
              1
              1
              1
              1
              1
              1
              1
              1
              1
              1
              1
              1
              1
              1
              1
              1
              1
              1
              1
              1
              1
              1
              1
              1
              1
              1
              1
              1
              1
              1
              1
              1
              1
              1
              1
              1
              1
              1
              1
              1
              1
              1
              1
              1
              1
              1
              1
              1
              1
              1
              1
              1
              1
              1
              1
              1
              1
              1
              1
              1
              1
              1
              1
              1
              1
              1
              1
              1
              1
              1
              1
              1
              1
              1
              1
              1
              1
              1
              1
              1
              1
              1
              1
              1
              1
              1
              1
              1
              1
              1
              1
              1
              1
              1
              1
              1
              1
              1
              1
              1
              1
              1
              1
              1
              1
              1
              1
              1
              1
              1
              1
              1
              1
              1
              1
              1
              1
              1
              1
              1
              1
              1
              1
              1
              1
              1
              1
              1
              1
              1
              1
              1
              1
              1
              1
              1
              1
              1
              1
              1
              1
              1
              1
              1
              1
              1
              1
              1
              1
              1
              1
              1
              1
              1
              1
              1
              1
              1
              1
              1
              1
              1
              1
              1
              1
              1
              1
              1
              1
              1
              1
              1
              1
              1
              1
              1
              1
              1
              1
              1
              1
              1
              1
              1
              1
