             50
              1
              1
              1
              1
              1
              1
              1
              1
              1
              1
              1
              1
              1
              1
              1
              1
              1
              1
              1
              1
              1
              1
              1
              1
              1
              1
              1
              1
              1
              1
              1
              1
              1
              1
              1
              1
              1
              1
              1
              1
              1
              1
              1
              1
              1
              1
              1
              1
              1
              1
              1
              1
              1
              1
              1
              1
              1
              1
              1
              1
              1
              1
              1
              1
              1
              1
              1
              1
              1
              1
              1
              1
              1
              1
              1
              1
              1
              1
              1
              1
              1
              1
              1
              1
              1
              1
              1
              1
              1
              1
              1
              1
              1
              1
              1
              1
              1
              1
              1
              1
              1
              1
              1
              1
              1
              1
              1
              1
      0.9999999
      0.9999999
      0.9999998
      0.9999998
      0.9999998
      0.9999998
      0.9999998
      0.9999999
              1
              1
              1
              1
       1.000001
       1.000001
       1.000001
       1.000001
              1
              1
      0.9999997
      0.9999992
      0.9999988
      0.9999985
      0.9999982
      0.9999982
      0.9999983
      0.9999988
      0.9999995
              1
       1.000002
       1.000003
       1.000004
       1.000005
       1.000005
       1.000005
       1.000004
       1.000003
       1.000001
      0.9999978
      0.9999946
      0.9999913
      0.9999883
      0.9999862
      0.9999852
      0.9999858
      0.9999883
      0.9999927
      0.9999991
       1.000007
       1.000016
       1.000025
       1.000032
       1.000038
       1.000041
        1.00004
       1.000033
       1.000022
       1.000006
      0.9999853
      0.9999622
      0.9999384
      0.9999165
      0.9998991
      0.9998891
       0.999889
      0.9999007
      0.9999255
      0.9999631
       1.000012
        1.00007
       1.000132
       1.000192
       1.000245
       1.000284
       1.000301
       1.000292
       1.000252
       1.000179
       1.000075
      0.9999444
      0.9997942
      0.9996356
      0.9994821
      0.9993488
      0.9992519
      0.9992066
      0.9992258
      0.9993191
      0.9994906
      0.9997382
       1.000053
       1.000418
       1.000811
       1.001201
       1.001556
       1.001839
       1.002014
       1.002051
       1.001924
       1.001618
        1.00113
        1.00047
      0.9996653
      0.9987567
      0.9977995
      0.9968604
      0.9960139
      0.9953375
      0.9949067
      0.9947889
      0.9950374
      0.9956862
      0.9967448
      0.9981949
      0.9999885
       1.002048
       1.004267
       1.006517
       1.008651
       1.010511
        1.01194
        1.01279
       1.012934
       1.012273
       1.010749
        1.00835
       1.005115
       1.001138
      0.9965687
      0.9916033
      0.9864829
      0.9814812
      0.9768924
      0.9730164
      0.9701429
      0.9685353
      0.9684145
      0.9699442
      0.9732183
      0.9782509
      0.9849707
       0.993218
       1.002747
       1.013233
        1.02428
       1.035438
       1.046217
       1.056111
       1.064612
        1.07124
       1.075559
       1.077195
       1.075863
        1.07137
       1.063634
       1.052688
       1.038685
        1.02189
       1.002682
      0.9815358
      0.9590126
      0.9357414
      0.9123998
      0.8896933
      0.8683337
      0.8490174
      0.8324057
      0.8191054
      0.8096527
      0.8044989
      0.8040004
      0.8084107
      0.8178768
      0.8324384
       0.852031
      0.8764907
       0.905563
      0.9389124
      0.9761349
        1.01677
       1.060317
       1.106243
       1.154006
       1.203057
        1.25286
         1.3029
       1.352691
       1.401787
       1.449783
       1.496324
       1.541106
       1.583876
       1.624433
       1.662628
       1.698358
       1.731565
       1.762232
       1.790379
       1.816057
       1.839343
       1.860337
       1.879155
       1.895928
       1.910794
       1.923897
       1.935381
       1.945394
       1.954074
        1.96156
       1.967981
       1.973459
       1.978107
       1.982031
       1.985324
       1.988074
       1.990359
       1.992245
       1.993795
       1.995062
       1.996091
       1.996922
        1.99759
       1.998124
       1.998548
       1.998883
       1.999146
       1.999351
        1.99951
       1.999632
       1.999726
       1.999797
       1.999851
       1.999892
       1.999922
       1.999944
        1.99996
       1.999972
       1.999981
       1.999987
       1.999991
       1.999994
       1.999996
       1.999997
       1.999998
       1.999999
       1.999999
              2
              2
              2
              2
              2
              2
              2
              2
              2
              2
              2
              2
              2
              2
              2
              2
              2
              2
              2
              2
              2
              2
              2
              2
              2
              2
              2
              2
              2
              2
              2
              2
              2
              2
              2
              2
              2
              2
              2
              2
              2
              2
              2
              2
              2
              2
              2
              2
              2
              2
              2
              2
              2
              2
              2
              2
              2
              2
              2
              2
              2
              2
              2
              2
              2
              2
              2
       1.999999
       1.999999
       1.999999
       1.999999
              2
              2
              2
       2.000001
       2.000001
       2.000002
       2.000002
       2.000002
       2.000002
       2.000001
       2.000001
              2
       1.999998
       1.999997
       1.999996
       1.999995
       1.999995
       1.999995
       1.999996
       1.999997
       1.999999
       2.000002
       2.000005
       2.000009
       2.000012
       2.000014
       2.000015
       2.000014
       2.000012
       2.000007
       2.000001
       1.999993
       1.999984
       1.999975
       1.999968
       1.999962
       1.999959
        1.99996
       1.999967
       1.999978
       1.999994
       2.000015
       2.000038
       2.000062
       2.000084
       2.000101
       2.000111
       2.000111
       2.000099
       2.000075
       2.000037
       1.999988
        1.99993
       1.999868
       1.999808
       1.999755
       1.999716
       1.999699
       1.999708
       1.999748
       1.999821
       1.999925
       2.000056
       2.000206
       2.000364
       2.000518
       2.000651
       2.000748
       2.000793
       2.000774
       2.000681
       2.000509
       2.000262
       1.999947
       1.999582
       1.999189
       1.998799
       1.998444
       1.998161
       1.997986
       1.997949
       1.998076
       1.998382
        1.99887
        1.99953
       2.000335
       2.001243
         2.0022
        2.00314
       2.003986
       2.004663
       2.005093
       2.005211
       2.004963
       2.004314
       2.003255
       2.001805
       2.000012
       1.997952
       1.995733
       1.993483
       1.991349
       1.989489
        1.98806
        1.98721
       1.987066
       1.987727
       1.989251
        1.99165
       1.994885
       1.998862
       2.003431
       2.008397
       2.013517
       2.018519
       2.023108
       2.026984
       2.029857
       2.031465
       2.031585
       2.030056
       2.026782
       2.021749
       2.015029
       2.006782
       1.997253
       1.986767
        1.97572
       1.964562
       1.953783
       1.943889
       1.935388
        1.92876
       1.924441
       1.922805
       1.924137
        1.92863
       1.936366
       1.947312
       1.961315
        1.97811
       1.997318
       2.018464
       2.040987
       2.064259
         2.0876
       2.110307
       2.131666
       2.150983
       2.167594
       2.180895
       2.190347
       2.195501
          2.196
       2.191589
       2.182123
       2.167562
       2.147969
       2.123509
       2.094437
       2.061088
       2.023865
        1.98323
       1.939683
       1.893757
       1.845994
       1.796943
        1.74714
         1.6971
       1.647309
       1.598213
       1.550217
       1.503676
       1.458894
       1.416124
       1.375567
       1.337372
       1.301642
       1.268435
       1.237768
       1.209621
       1.183943
       1.160657
       1.139663
       1.120845
       1.104072
       1.089206
       1.076103
       1.064619
       1.054606
       1.045926
        1.03844
       1.032019
       1.026541
       1.021893
       1.017969
       1.014676
       1.011926
       1.009641
       1.007755
       1.006205
       1.004938
       1.003909
       1.003078
        1.00241
       1.001876
       1.001452
       1.001117
       1.000854
       1.000649
        1.00049
       1.000368
       1.000274
       1.000203
       1.000149
       1.000108
       1.000078
       1.000056
        1.00004
       1.000028
       1.000019
       1.000013
       1.000009
       1.000006
       1.000004
       1.000003
       1.000002
       1.000001
       1.000001
              1
              1
              1
              1
              1
              1
              1
              1
              1
              1
              1
              1
              1
              1
              1
              1
              1
              1
              1
              1
              1
              1
              1
              1
              1
              1
              1
              1
              1
              1
              1
              1
              1
              1
              1
              1
              1
              1
              1
              1
              1
              1
              1
              1
              1
              1
              1
              1
              1
              1
              1
              1
              1
              1
              1
              1
              1
              1
              1
              1
              1
              1
              1
              1
              1
              1
              1
              1
              1
              1
              1
              1
              1
              1
              1
              1
              1
              1
              1
              1
              1
              1
              1
              1
              1
              1
              1
              1
              1
              1
              1
              1
              1
              1
              1
              1
              1
              1
              1
              1
              1
              1
              1
              1
              1
              1
              1
              1
              1
              1
              1
              1
              1
              1
              1
              1
              1
              1
              1
              1
              1
              1
              1
              1
              1
              1
              1
              1
              1
              1
              1
              1
              1
              1
              1
              1
              1
              1
              1
              1
              1
              1
              1
              1
              1
              1
              1
              1
              1
              1
              1
              1
              1
              1
              1
              1
              1
              1
              1
              1
              1
              1
              1
              1
              1
              1
              1
              1
              1
              1
              1
              1
              1
              1
              1
              1
              1
              1
              1
              1
              1
              1
              1
              1
              1
              1
              1
              1
              1
              1
              1
              1
              1
              1
              1
              1
              1
              1
              1
              1
              1
              1
              1
              1
              1
              1
              1
              1
              1
              1
              1
              1
              1
              1
              1
              1
              1
              1
              1
              1
              1
              1
              1
              1
              1
              1
              1
              1
              1
              1
              1
              1
              1
              1
              1
              1
              1
              1
              1
              1
              1
              1
              1
              1
              1
              1
              1
              1
              1
              1
              1
              1
              1
              1
              1
              1
              1
              1
              1
              1
              1
              1
              1
              1
              1
              1
              1
              1
              1
              1
              1
              1
              1
              1
              1
              1
              1
              1
              1
              1
              1
              1
              1
              1
              1
              1
              1
              1
              1
              1
              1
              1
              1
              1
              1
              1
              1
              1
              1
              1
              1
              1
              1
              1
              1
              1
              1
              1
              1
              1
              1
              1
              1
              1
              1
              1
              1
              1
              1
              1
              1
              1
              1
              1
              1
              1
              1
              1
              1
              1
              1
              1
              1
              1
              1
              1
              1
              1
              1
              1
              1
              1
              1
              1
              1
              1
              1
