             20
              1
              1
              1
              1
              1
              1
              1
              1
              1
              1
              1
              1
              1
              1
              1
              1
              1
              1
              1
              1
              1
              1
              1
              1
              1
              1
              1
              1
              1
              1
              1
              1
              1
              1
              1
              1
              1
              1
              1
              1
              1
              1
              1
              1
              1
              1
              1
              1
              1
              1
              1
              1
              1
              1
              1
              1
              1
              1
              1
              1
              1
              1
              1
              1
              1
              1
              1
              1
              1
              1
              1
              1
              1
              1
              1
              1
              1
              1
              1
              1
              1
              1
              1
              1
              1
              1
              1
              1
              1
              1
              1
              1
              1
              1
              1
              1
              1
              1
              1
              1
              1
              1
              1
              1
              1
              1
              1
              1
              1
              1
              1
              1
              1
              1
              1
              1
              1
              1
              1
              1
              1
              1
              1
              1
              1
              1
              1
              1
              1
              1
              1
              1
              1
              1
              1
              1
              1
              1
              1
              1
              1
              1
              1
              1
              1
              1
              1
              1
              1
              1
              1
              1
              1
              1
              1
              1
              1
              1
              1
              1
              1
              1
              1
              1
              1
              1
      0.9999999
      0.9999999
      0.9999999
      0.9999998
      0.9999998
      0.9999999
              1
              1
              1
              1
       1.000001
       1.000001
       1.000001
              1
      0.9999999
      0.9999994
      0.9999988
      0.9999983
       0.999998
       0.999998
      0.9999984
      0.9999993
       1.000001
       1.000003
       1.000004
       1.000006
       1.000007
       1.000007
       1.000005
       1.000002
      0.9999973
      0.9999915
      0.9999854
      0.9999801
      0.9999769
       0.999977
      0.9999815
       0.999991
       1.000005
       1.000023
       1.000043
       1.000061
       1.000073
       1.000077
       1.000068
       1.000044
       1.000006
      0.9999542
      0.9998951
      0.9998359
      0.9997863
      0.9997574
      0.9997597
      0.9998015
      0.9998874
       1.000016
       1.000178
       1.000359
       1.000536
        1.00068
       1.000761
       1.000752
        1.00063
       1.000384
       1.000017
      0.9995509
      0.9990255
      0.9984988
      0.9980419
      0.9977328
      0.9976476
      0.9978503
      0.9983816
      0.9992498
       1.000423
       1.001824
       1.003335
       1.004796
       1.006025
        1.00683
       1.007027
       1.006469
       1.005063
       1.002788
      0.9997175
      0.9960177
       0.991951
      0.9878621
      0.9841566
      0.9812703
      0.9796314
      0.9796194
      0.9815228
      0.9855013
      0.9915541
      0.9995008
       1.008974
       1.019429
       1.030166
       1.040374
       1.049175
       1.055692
        1.05911
       1.058738
       1.054075
       1.044858
       1.031091
       1.013076
      0.9914004
      0.9669287
      0.9407601
      0.9141784
      0.8885878
      0.8654412
      0.8461657
      0.8320899
      0.8243769
      0.8239687
      0.8315431
      0.8474861
      0.8718806
      0.9045115
       0.944885
      0.9922613
       1.045697
       1.104095
       1.166258
       1.230941
       1.296903
       1.362955
          1.428
       1.491059
       1.551302
       1.608054
       1.660806
       1.709209
       1.753068
       1.792322
       1.827036
        1.85737
       1.883568
        1.90593
       1.924795
       1.940525
       1.953487
       1.964041
       1.972531
       1.979277
        1.98457
       1.988668
         1.9918
       1.994159
       1.995911
       1.997191
       1.998111
        1.99876
       1.999209
       1.999513
       1.999713
       1.999842
       1.999921
       1.999967
       1.999993
       2.000005
        2.00001
       2.000011
        2.00001
       2.000008
       2.000006
       2.000004
       2.000003
       2.000002
       2.000001
       2.000001
              2
              2
              2
              2
              2
              2
              2
              2
              2
              2
              2
              2
              2
              2
              2
              2
              2
              2
              2
              2
              2
              2
              2
              2
              2
              2
              2
              2
              2
              2
              2
              2
              2
              2
              2
              2
              2
              2
              2
              2
              2
              2
              2
              2
              2
              2
              2
              2
              2
              2
              2
              2
              2
              2
              2
              2
              2
              2
              2
              2
              2
              2
              2
              2
              2
              2
              2
              2
              2
              2
              2
              2
              2
              2
              2
              2
              2
              2
              2
              2
              2
              2
              2
              2
              2
              2
              2
              2
              2
              2
              2
              2
              2
              2
              2
              2
              2
              2
              2
              2
              2
              2
              2
              2
              2
              2
              2
              2
              2
              2
              2
              2
              2
              2
              2
              2
              2
              2
              2
              2
              2
              2
              2
              2
              2
              2
              2
              2
              2
              2
              2
              2
              2
              2
              2
              2
       1.999999
       1.999999
       1.999999
              2
              2
       2.000001
       2.000001
       2.000002
       2.000002
       2.000002
       2.000002
       2.000001
       1.999999
       1.999997
       1.999996
       1.999994
       1.999993
       1.999993
       1.999995
       1.999998
       2.000003
       2.000008
       2.000015
        2.00002
       2.000023
       2.000023
       2.000018
       2.000009
       1.999995
       1.999977
       1.999957
       1.999939
       1.999927
       1.999923
       1.999932
       1.999956
       1.999994
       2.000046
       2.000105
       2.000164
       2.000214
       2.000243
        2.00024
       2.000198
       2.000113
       1.999984
       1.999822
       1.999641
       1.999464
        1.99932
       1.999239
       1.999248
        1.99937
       1.999616
       1.999983
       2.000449
       2.000974
       2.001501
       2.001958
       2.002267
       2.002352
        2.00215
       2.001618
        2.00075
       1.999577
       1.998176
       1.996665
       1.995204
       1.993975
        1.99317
       1.992973
       1.993531
       1.994937
       1.997212
       2.000283
       2.003982
       2.008049
       2.012138
       2.015843
        2.01873
       2.020369
       2.020381
       2.018477
       2.014499
       2.008446
       2.000499
       1.991026
       1.980571
       1.969834
       1.959626
       1.950825
       1.944308
        1.94089
       1.941262
       1.945925
       1.955142
       1.968909
       1.986924
         2.0086
       2.033071
        2.05924
       2.085822
       2.111412
       2.134559
       2.153834
        2.16791
       2.175623
       2.176031
       2.168457
       2.152514
       2.128119
       2.095489
       2.055115
       2.007739
       1.954303
       1.895905
       1.833742
       1.769059
       1.703097
       1.637045
          1.572
       1.508941
       1.448698
       1.391946
       1.339194
       1.290791
       1.246932
       1.207678
       1.172964
        1.14263
       1.116432
        1.09407
       1.075205
       1.059475
       1.046513
       1.035959
       1.027469
       1.020723
        1.01543
       1.011332
         1.0082
       1.005841
       1.004089
       1.002809
       1.001889
        1.00124
       1.000791
       1.000487
       1.000287
       1.000158
       1.000079
       1.000033
       1.000007
      0.9999947
      0.9999897
      0.9999889
      0.9999901
       0.999992
      0.9999941
      0.9999958
      0.9999973
      0.9999983
       0.999999
      0.9999995
      0.9999998
      0.9999999
              1
              1
              1
              1
              1
              1
              1
              1
              1
              1
              1
              1
              1
              1
              1
              1
              1
              1
              1
              1
              1
              1
              1
              1
              1
              1
              1
              1
              1
              1
              1
              1
              1
              1
              1
              1
              1
              1
              1
              1
              1
              1
              1
              1
              1
              1
              1
              1
              1
              1
              1
              1
              1
              1
              1
              1
              1
              1
              1
              1
              1
              1
              1
              1
              1
              1
              1
              1
              1
              1
              1
              1
              1
              1
              1
              1
              1
              1
              1
              1
              1
              1
              1
              1
              1
              1
              1
              1
              1
              1
              1
              1
              1
              1
              1
              1
              1
              1
              1
              1
              1
              1
              1
              1
              1
              1
              1
              1
              1
              1
              1
              1
              1
              1
              1
              1
              1
              1
              1
              1
              1
              1
              1
              1
              1
              1
              1
              1
              1
              1
              1
              1
              1
              1
              1
              1
              1
              1
              1
              1
              1
              1
              1
              1
              1
              1
              1
              1
              1
              1
              1
              1
              1
              1
              1
              1
              1
              1
              1
              1
              1
              1
              1
              1
              1
              1
              1
              1
              1
              1
              1
              1
              1
              1
              1
              1
              1
              1
              1
              1
              1
              1
              1
              1
              1
              1
              1
              1
              1
              1
              1
              1
              1
              1
              1
              1
              1
              1
              1
              1
              1
              1
              1
              1
              1
              1
              1
              1
              1
              1
              1
              1
              1
              1
              1
              1
              1
              1
              1
              1
              1
              1
              1
              1
              1
              1
              1
              1
              1
              1
              1
              1
              1
              1
              1
              1
              1
              1
              1
              1
              1
              1
              1
              1
              1
              1
              1
              1
              1
              1
              1
              1
              1
              1
              1
              1
              1
              1
              1
              1
              1
              1
              1
              1
              1
              1
              1
              1
              1
              1
              1
              1
              1
              1
              1
              1
              1
              1
              1
              1
              1
              1
              1
              1
              1
              1
              1
              1
              1
              1
              1
              1
              1
              1
              1
              1
              1
              1
              1
              1
              1
              1
              1
              1
              1
              1
              1
              1
              1
              1
              1
              1
              1
              1
              1
              1
              1
              1
              1
              1
              1
              1
              1
              1
              1
              1
              1
              1
              1
              1
              1
              1
              1
              1
              1
              1
              1
              1
              1
              1
              1
              1
              1
              1
              1
              1
              1
              1
              1
              1
              1
              1
              1
              1
              1
              1
              1
              1
