              5
              1
              1
              1
              1
              1
              1
              1
              1
              1
              1
              1
              1
              1
              1
              1
              1
              1
              1
              1
              1
              1
              1
              1
              1
              1
              1
              1
              1
              1
              1
              1
              1
              1
              1
              1
              1
              1
              1
              1
              1
              1
              1
              1
              1
              1
              1
              1
              1
              1
              1
              1
              1
              1
              1
              1
              1
              1
              1
              1
              1
              1
              1
              1
              1
              1
              1
              1
              1
              1
              1
              1
              1
              1
              1
              1
              1
              1
              1
              1
              1
              1
              1
              1
              1
              1
              1
              1
              1
              1
              1
              1
              1
              1
              1
              1
              1
              1
              1
              1
              1
              1
              1
              1
              1
              1
              1
              1
              1
              1
              1
              1
              1
              1
              1
              1
              1
              1
              1
              1
              1
              1
              1
              1
              1
              1
              1
              1
              1
              1
              1
              1
              1
              1
              1
              1
              1
              1
              1
              1
              1
              1
              1
              1
              1
              1
              1
              1
              1
              1
              1
              1
              1
              1
              1
              1
              1
              1
              1
              1
              1
              1
              1
              1
              1
              1
              1
              1
              1
              1
              1
              1
              1
              1
              1
              1
              1
              1
              1
              1
              1
              1
              1
              1
              1
              1
              1
              1
              1
              1
              1
              1
              1
              1
              1
              1
              1
              1
              1
              1
              1
              1
              1
              1
              1
              1
              1
              1
              1
              1
              1
              1
              1
              1
              1
              1
              1
              1
              1
              1
      0.9999999
      0.9999999
      0.9999999
              1
              1
              1
              1
              1
              1
      0.9999999
      0.9999994
      0.9999989
      0.9999984
      0.9999984
      0.9999991
       1.000001
       1.000003
       1.000006
       1.000007
       1.000007
       1.000004
       0.999997
      0.9999868
      0.9999758
      0.9999677
      0.9999675
      0.9999797
       1.000007
       1.000047
       1.000093
       1.000132
       1.000144
       1.000113
       1.000025
       0.999881
      0.9997005
      0.9995236
      0.9994091
      0.9994237
      0.9996254
       1.000042
        1.00065
       1.001362
        1.00202
       1.002418
       1.002332
       1.001578
       1.000072
      0.9978861
      0.9952871
      0.9927412
      0.9908694
      0.9903575
      0.9918253
      0.9956725
       1.001932
       1.010159
        1.01939
       1.028187
       1.034788
       1.037336
       1.034178
       1.024176
       1.006989
      0.9832709
      0.9547481
      0.9241473
      0.8949787
      0.8711953
      0.8567726
      0.8552637
      0.8693936
      0.9007456
      0.9495824
       1.014821
       1.094157
       1.184325
       1.281437
       1.381367
       1.480127
       1.574188
       1.660716
        1.73771
       1.804038
       1.859381
       1.904111
       1.939126
       1.965669
       1.985155
       1.999021
        2.00861
       2.015101
       2.019464
       2.022454
       2.024626
        2.02636
       2.027901
       2.029391
       2.030901
       2.032458
       2.034066
       2.035713
       2.037389
       2.039082
       2.040784
       2.042489
       2.044193
       2.045897
       2.047599
         2.0493
       2.051001
       2.052701
         2.0544
         2.0561
         2.0578
         2.0595
         2.0612
         2.0629
         2.0646
         2.0663
          2.068
         2.0697
         2.0714
         2.0731
         2.0748
         2.0765
         2.0782
         2.0799
         2.0816
         2.0833
          2.085
         2.0867
         2.0884
         2.0901
         2.0918
         2.0935
         2.0952
         2.0969
         2.0986
         2.1003
          2.102
         2.1037
         2.1054
         2.1071
         2.1088
         2.1105
         2.1122
         2.1139
         2.1156
         2.1173
          2.119
         2.1207
         2.1224
         2.1241
         2.1258
         2.1275
         2.1292
         2.1309
         2.1326
         2.1343
          2.136
         2.1377
         2.1394
         2.1411
         2.1428
         2.1445
         2.1462
         2.1479
         2.1496
         2.1513
          2.153
         2.1547
         2.1564
         2.1581
         2.1598
         2.1615
         2.1632
         2.1649
         2.1666
         2.1683
           2.17
         2.1717
         2.1734
         2.1751
         2.1768
         2.1785
         2.1802
         2.1819
         2.1836
         2.1853
          2.187
         2.1887
         2.1904
         2.1921
         2.1938
         2.1955
         2.1972
         2.1989
         2.2006
         2.2023
          2.204
         2.2057
         2.2074
         2.2091
         2.2108
         2.2125
         2.2142
         2.2159
         2.2176
         2.2193
          2.221
         2.2227
         2.2244
         2.2261
         2.2278
         2.2295
         2.2312
         2.2329
         2.2346
         2.2363
          2.238
         2.2397
         2.2414
         2.2431
         2.2448
         2.2465
         2.2482
         2.2499
         2.2516
         2.2533
          2.255
         2.2567
         2.2584
         2.2601
         2.2618
         2.2635
         2.2652
         2.2669
         2.2686
         2.2703
          2.272
         2.2737
         2.2754
         2.2771
         2.2788
         2.2805
         2.2822
         2.2839
         2.2856
         2.2873
          2.289
         2.2907
         2.2924
         2.2941
         2.2958
         2.2975
         2.2992
         2.3009
         2.3026
         2.3043
          2.306
         2.3077
         2.3094
         2.3111
         2.3128
         2.3145
         2.3162
         2.3179
         2.3196
         2.3213
          2.323
         2.3247
         2.3264
         2.3281
         2.3298
         2.3315
         2.3332
         2.3349
         2.3366
         2.3383
           2.34
         2.3417
         2.3434
         2.3451
         2.3468
         2.3485
         2.3502
         2.3519
         2.3536
         2.3553
          2.357
         2.3587
         2.3604
         2.3621
         2.3638
         2.3655
         2.3672
         2.3689
         2.3706
         2.3723
          2.374
         2.3757
         2.3774
         2.3791
         2.3808
         2.3825
         2.3842
       2.385899
         2.3876
         2.3893
       2.391001
       2.392702
       2.394402
       2.396102
       2.397801
       2.399499
       2.401196
       2.402892
       2.404589
       2.406289
       2.407994
       2.409705
        2.41142
       2.413136
       2.414849
       2.416549
       2.418231
        2.41989
       2.421529
       2.423159
       2.424801
       2.426483
        2.42823
       2.430063
        2.43198
       2.433952
       2.435919
       2.437791
       2.439469
       2.440864
       2.441935
       2.442717
       2.443344
       2.444051
       2.445153
       2.446985
       2.449824
       2.453798
       2.458798
       2.464418
       2.469956
       2.474474
       2.476939
       2.476416
       2.472303
       2.464553
       2.453838
       2.441617
       2.430057
        2.42182
       2.419704
       2.426202
       2.443026
       2.470685
       2.508185
       2.552914
       2.600756
        2.64641
       2.683911
       2.707266
       2.711119
       2.691371
       2.645645
       2.573558
       2.476763
       2.358747
       2.224453
       2.079759
       1.930896
       1.783883
       1.644047
        1.51566
       1.401734
       1.303971
       1.222842
       1.157776
       1.107409
       1.069855
       1.042974
        1.02459
       1.012669
       1.005431
        1.00141
      0.9994619
      0.9987509
         0.9987
      0.9989404
      0.9992582
      0.9995453
      0.9997608
      0.9999011
        0.99998
       1.000016
       1.000027
       1.000024
       1.000017
        1.00001
       1.000005
       1.000001
      0.9999997
      0.9999992
      0.9999992
      0.9999994
      0.9999997
      0.9999999
              1
              1
              1
              1
              1
              1
              1
              1
              1
              1
              1
              1
              1
              1
              1
              1
              1
              1
              1
              1
              1
              1
              1
              1
              1
              1
              1
              1
              1
              1
              1
              1
              1
              1
              1
              1
              1
              1
              1
              1
              1
              1
              1
              1
              1
              1
              1
              1
              1
              1
              1
              1
              1
              1
              1
              1
              1
              1
              1
              1
              1
              1
              1
              1
              1
              1
              1
              1
              1
              1
              1
              1
              1
              1
              1
              1
              1
              1
              1
              1
              1
              1
              1
              1
              1
              1
              1
              1
              1
              1
              1
              1
              1
              1
              1
              1
              1
              1
              1
              1
              1
              1
              1
              1
              1
              1
              1
              1
              1
              1
              1
              1
              1
              1
              1
              1
              1
              1
              1
              1
              1
              1
              1
              1
              1
              1
              1
              1
              1
              1
              1
              1
              1
              1
              1
              1
              1
              1
              1
              1
              1
              1
              1
              1
              1
              1
              1
              1
              1
              1
              1
              1
              1
              1
              1
              1
              1
              1
              1
              1
              1
              1
              1
              1
              1
              1
              1
              1
              1
              1
              1
              1
              1
              1
              1
              1
              1
              1
              1
              1
              1
              1
              1
              1
              1
              1
              1
              1
              1
              1
              1
              1
              1
              1
              1
              1
              1
              1
              1
              1
              1
              1
              1
              1
              1
              1
              1
              1
              1
              1
              1
              1
              1
              1
              1
              1
              1
              1
              1
              1
              1
              1
              1
              1
              1
              1
              1
              1
              1
              1
              1
              1
              1
              1
              1
              1
              1
              1
              1
              1
              1
              1
              1
              1
              1
              1
              1
              1
              1
              1
              1
              1
              1
              1
              1
              1
              1
              1
              1
              1
              1
              1
              1
              1
              1
              1
              1
              1
              1
              1
              1
              1
              1
              1
              1
              1
              1
              1
              1
              1
              1
              1
              1
              1
              1
              1
              1
              1
              1
              1
              1
              1
              1
              1
              1
              1
              1
              1
              1
              1
              1
              1
              1
              1
              1
              1
              1
              1
              1
              1
              1
              1
              1
              1
              1
              1
              1
              1
              1
              1
              1
              1
              1
              1
              1
              1
              1
              1
              1
              1
              1
              1
              1
              1
              1
              1
              1
              1
              1
              1
              1
              1
              1
              1
              1
              1
              1
              1
              1
              1
              1
              1
              1
              1
              1
              1
              1
              1
              1
              1
              1
              1
              1
              1
              1
              1
