             20
              1
              1
              1
              1
              1
              1
              1
              1
              1
              1
              1
              1
              1
              1
              1
              1
              1
              1
              1
              1
              1
              1
              1
              1
              1
              1
              1
              1
              1
              1
              1
              1
              1
              1
              1
              1
              1
              1
              1
              1
              1
              1
              1
              1
              1
              1
              1
              1
              1
              1
              1
              1
              1
              1
              1
              1
              1
              1
              1
              1
              1
              1
              1
              1
              1
              1
              1
              1
              1
              1
              1
              1
              1
              1
              1
              1
              1
              1
              1
              1
              1
              1
              1
              1
              1
              1
              1
              1
              1
              1
              1
              1
              1
              1
              1
              1
              1
              1
              1
              1
              1
              1
              1
              1
              1
              1
              1
              1
              1
              1
              1
              1
              1
              1
              1
              1
              1
              1
              1
              1
              1
              1
              1
              1
              1
              1
              1
              1
              1
              1
              1
              1
              1
              1
              1
              1
              1
              1
              1
              1
              1
              1
              1
              1
              1
              1
              1
              1
              1
              1
              1
              1
              1
              1
              1
              1
              1
              1
              1
              1
              1
              1
              1
              1
              1
              1
      0.9999999
      0.9999999
      0.9999999
      0.9999998
      0.9999998
      0.9999999
              1
              1
              1
              1
       1.000001
       1.000001
       1.000001
              1
      0.9999999
      0.9999994
      0.9999988
      0.9999983
      0.9999979
      0.9999979
      0.9999984
      0.9999993
       1.000001
       1.000003
       1.000004
       1.000006
       1.000007
       1.000007
       1.000005
       1.000002
      0.9999973
      0.9999915
      0.9999854
      0.9999801
      0.9999768
      0.9999769
      0.9999814
      0.9999909
       1.000005
       1.000023
       1.000043
       1.000061
       1.000073
       1.000077
       1.000068
       1.000045
       1.000006
      0.9999547
      0.9998954
      0.9998358
      0.9997859
      0.9997566
      0.9997585
         0.9998
      0.9998857
       1.000014
       1.000177
       1.000359
       1.000536
       1.000681
       1.000764
       1.000756
       1.000635
        1.00039
       1.000023
      0.9995557
      0.9990287
      0.9984995
      0.9980392
      0.9977263
      0.9976371
      0.9978361
      0.9983646
      0.9992316
       1.000405
        1.00181
       1.003326
       1.004795
       1.006035
       1.006851
       1.007061
       1.006514
       1.005115
       1.002846
      0.9997746
       0.996068
      0.9919876
      0.9878781
      0.9841457
      0.9812275
       0.979554
      0.9795073
      0.9813794
      0.9853332
      0.9913717
      0.9993174
       1.008806
       1.019293
       1.030082
       1.040358
       1.049244
       1.055856
       1.059373
       1.059101
       1.054531
       1.045389
       1.031676
       1.013682
      0.9919925
      0.9674646
      0.9411954
      0.9144677
      0.8886877
      0.8653123
      0.8457754
      0.8314141
      0.8234025
      0.8226951
      0.8299831
      0.8456668
      0.8698436
      0.9023121
      0.9425919
       0.989955
       1.043469
       1.102044
       1.164489
       1.229564
       1.296031
       1.362701
       1.428473
       1.492367
       1.553547
       1.611333
       1.665208
       1.714817
       1.759956
       1.800557
       1.836676
       1.868469
       1.896168
        1.92007
       1.940508
       1.957836
       1.972419
       1.984612
       1.994756
       2.003166
       2.010133
       2.015912
        2.02073
       2.024779
       2.028224
       2.031199
       2.033816
       2.036163
       2.038311
       2.040314
       2.042214
       2.044042
       2.045821
       2.047567
       2.049293
       2.051005
        2.05271
       2.054411
        2.05611
       2.057808
       2.059506
       2.061204
       2.062903
       2.064602
       2.066301
       2.068001
         2.0697
         2.0714
         2.0731
         2.0748
         2.0765
         2.0782
         2.0799
         2.0816
         2.0833
          2.085
         2.0867
         2.0884
         2.0901
         2.0918
         2.0935
         2.0952
         2.0969
         2.0986
         2.1003
          2.102
         2.1037
         2.1054
         2.1071
         2.1088
         2.1105
         2.1122
         2.1139
         2.1156
         2.1173
          2.119
         2.1207
         2.1224
         2.1241
         2.1258
         2.1275
         2.1292
         2.1309
         2.1326
         2.1343
          2.136
         2.1377
         2.1394
         2.1411
         2.1428
         2.1445
         2.1462
         2.1479
         2.1496
         2.1513
          2.153
         2.1547
         2.1564
         2.1581
         2.1598
         2.1615
         2.1632
         2.1649
         2.1666
         2.1683
           2.17
         2.1717
         2.1734
         2.1751
         2.1768
         2.1785
         2.1802
         2.1819
         2.1836
         2.1853
          2.187
         2.1887
         2.1904
         2.1921
         2.1938
         2.1955
         2.1972
         2.1989
         2.2006
         2.2023
          2.204
         2.2057
         2.2074
         2.2091
         2.2108
         2.2125
         2.2142
         2.2159
         2.2176
         2.2193
          2.221
         2.2227
         2.2244
         2.2261
         2.2278
         2.2295
         2.2312
         2.2329
         2.2346
         2.2363
          2.238
         2.2397
         2.2414
         2.2431
         2.2448
         2.2465
         2.2482
         2.2499
         2.2516
         2.2533
          2.255
         2.2567
         2.2584
         2.2601
         2.2618
         2.2635
         2.2652
         2.2669
         2.2686
         2.2703
          2.272
         2.2737
         2.2754
         2.2771
         2.2788
         2.2805
         2.2822
         2.2839
         2.2856
         2.2873
          2.289
         2.2907
         2.2924
         2.2941
         2.2958
         2.2975
       2.299199
       2.300899
       2.302599
       2.304299
          2.306
         2.3077
       2.309401
       2.311102
       2.312803
       2.314503
       2.316203
       2.317902
       2.319601
       2.321299
       2.322996
       2.324693
       2.326391
       2.328089
        2.32979
       2.331492
       2.333197
       2.334904
       2.336613
       2.338322
        2.34003
       2.341735
       2.343435
       2.345128
       2.346814
       2.348492
       2.350165
       2.351836
       2.353508
       2.355189
       2.356884
       2.358597
       2.360333
       2.362091
       2.363869
       2.365658
       2.367448
       2.369223
       2.370967
       2.372664
       2.374301
       2.375872
       2.377378
       2.378832
       2.380258
       2.381691
       2.383172
       2.384748
        2.38646
       2.388343
       2.390414
       2.392669
       2.395073
       2.397568
       2.400066
       2.402459
        2.40463
       2.406463
        2.40786
       2.408761
       2.409151
       2.409079
        2.40866
       2.408074
       2.407559
       2.407392
       2.407866
       2.409255
       2.411787
       2.415603
       2.420732
        2.42707
       2.434363
       2.442217
       2.450112
       2.457434
       2.463525
       2.467734
       2.469487
       2.468344
       2.464061
       2.456636
       2.446337
       2.433717
       2.419598
       2.405033
       2.391251
       2.379577
       2.371341
       2.367781
       2.369942
       2.378591
       2.394133
       2.416567
       2.445449
       2.479893
       2.518602
       2.559917
       2.601901
       2.642433
       2.679313
        2.71038
        2.73362
       2.747265
       2.749881
        2.74043
       2.718315
       2.683397
       2.635987
       2.576817
       2.506992
       2.427926
       2.341268
       2.248819
       2.152456
       2.054048
       1.955392
       1.858148
       1.763793
        1.67359
        1.58856
       1.509481
       1.436886
        1.37108
       1.312158
       1.260035
       1.214473
       1.175112
       1.141506
       1.113147
       1.089496
       1.070003
       1.054127
       1.041354
       1.031203
       1.023237
       1.017067
       1.012352
       1.008799
       1.006162
       1.004234
       1.002848
        1.00187
       1.001193
       1.000735
       1.000433
       1.000239
        1.00012
        1.00005
       1.000011
      0.9999921
      0.9999845
      0.9999833
      0.9999851
       0.999988
      0.9999911
      0.9999937
      0.9999959
      0.9999974
      0.9999985
      0.9999992
      0.9999997
      0.9999999
              1
              1
              1
              1
              1
              1
              1
              1
              1
              1
              1
              1
              1
              1
              1
              1
              1
              1
              1
              1
              1
              1
              1
              1
              1
              1
              1
              1
              1
              1
              1
              1
              1
              1
              1
              1
              1
              1
              1
              1
              1
              1
              1
              1
              1
              1
              1
              1
              1
              1
              1
              1
              1
              1
              1
              1
              1
              1
              1
              1
              1
              1
              1
              1
              1
              1
              1
              1
              1
              1
              1
              1
              1
              1
              1
              1
              1
              1
              1
              1
              1
              1
              1
              1
              1
              1
              1
              1
              1
              1
              1
              1
              1
              1
              1
              1
              1
              1
              1
              1
              1
              1
              1
              1
              1
              1
              1
              1
              1
              1
              1
              1
              1
              1
              1
              1
              1
              1
              1
              1
              1
              1
              1
              1
              1
              1
              1
              1
              1
              1
              1
              1
              1
              1
              1
              1
              1
              1
              1
              1
              1
              1
              1
              1
              1
              1
              1
              1
              1
              1
              1
              1
              1
              1
              1
              1
              1
              1
              1
              1
              1
              1
              1
              1
              1
              1
              1
              1
              1
              1
              1
              1
              1
              1
              1
              1
              1
              1
              1
              1
              1
              1
              1
              1
              1
              1
              1
              1
              1
              1
              1
              1
              1
              1
              1
              1
              1
              1
              1
              1
              1
              1
              1
              1
              1
              1
              1
              1
              1
              1
              1
              1
              1
              1
              1
              1
              1
              1
              1
              1
              1
              1
              1
              1
              1
              1
              1
              1
              1
              1
              1
              1
              1
              1
              1
              1
              1
              1
              1
              1
              1
              1
              1
              1
              1
              1
              1
              1
              1
              1
              1
              1
              1
              1
              1
              1
              1
              1
              1
              1
              1
              1
              1
              1
              1
              1
              1
              1
              1
              1
              1
              1
              1
              1
              1
              1
              1
              1
              1
              1
              1
              1
              1
              1
              1
              1
              1
              1
              1
              1
              1
              1
              1
              1
              1
              1
              1
              1
              1
              1
              1
              1
              1
              1
              1
              1
              1
              1
              1
              1
              1
              1
              1
              1
              1
              1
              1
              1
              1
              1
              1
              1
              1
              1
              1
              1
              1
              1
              1
              1
              1
              1
              1
              1
              1
              1
              1
              1
              1
              1
              1
              1
              1
              1
              1
              1
              1
              1
              1
              1
              1
              1
              1
              1
              1
              1
              1
              1
