             50
       1.086561
         1.0869
         1.0873
       1.087757
       1.088268
       1.088827
       1.089431
       1.090076
       1.090759
       1.091476
       1.092224
          1.093
       1.093802
       1.094628
       1.095474
       1.096339
       1.097222
       1.098121
       1.099034
       1.099961
         1.1009
       1.101851
       1.102813
       1.103785
       1.104766
       1.105758
       1.106758
       1.107767
       1.108784
        1.10981
       1.110843
       1.111885
       1.112935
       1.113993
       1.115059
       1.116132
       1.117213
       1.118302
       1.119399
       1.120504
       1.121617
       1.122737
       1.123865
       1.125002
       1.126146
       1.127298
       1.128458
       1.129626
       1.130802
       1.131986
       1.133178
       1.134378
       1.135586
       1.136802
       1.138027
        1.13926
       1.140501
        1.14175
       1.143007
       1.144273
       1.145547
       1.146829
       1.148119
       1.149418
       1.150726
       1.152041
       1.153365
       1.154698
       1.156039
       1.157388
       1.158746
       1.160113
       1.161488
       1.162871
       1.164264
       1.165664
       1.167074
       1.168491
       1.169918
       1.171353
       1.172797
        1.17425
       1.175711
       1.177181
        1.17866
       1.180147
       1.181643
       1.183148
       1.184662
       1.186184
       1.187716
       1.189256
       1.190805
       1.192362
       1.193929
       1.195504
       1.197089
       1.198682
       1.200284
       1.201895
       1.203514
       1.205143
       1.206781
       1.208427
       1.210082
       1.211747
        1.21342
       1.215102
       1.216793
       1.218493
       1.220202
        1.22192
       1.223647
       1.225382
       1.227127
        1.22888
       1.230643
       1.232414
       1.234194
       1.235984
       1.237782
       1.239589
       1.241405
       1.243229
       1.245063
       1.246906
       1.248757
       1.250618
       1.252487
       1.254365
       1.256252
       1.258147
       1.260052
       1.261965
       1.263888
       1.265818
       1.267758
       1.269707
       1.271664
        1.27363
       1.275604
       1.277588
        1.27958
       1.281581
        1.28359
       1.285608
       1.287634
        1.28967
       1.291713
       1.293766
       1.295826
       1.297896
       1.299973
        1.30206
       1.304154
       1.306257
       1.308369
       1.310488
       1.312617
       1.314753
       1.316897
        1.31905
       1.321211
       1.323381
       1.325558
       1.327743
       1.329937
       1.332138
       1.334348
       1.336565
       1.338791
       1.341024
       1.343265
       1.345514
       1.347771
       1.350036
       1.352308
       1.354588
       1.356875
        1.35917
       1.361473
       1.363783
       1.366101
       1.368426
       1.370758
       1.373097
       1.375444
       1.377798
       1.380159
       1.382528
       1.384903
       1.387285
       1.389675
       1.392071
       1.394474
       1.396884
         1.3993
       1.401723
       1.404153
        1.40659
       1.409033
       1.411482
       1.413938
         1.4164
       1.418868
       1.421343
       1.423823
        1.42631
       1.428803
       1.431301
       1.433806
       1.436316
       1.438833
       1.441354
       1.443882
       1.446415
       1.448953
       1.451497
       1.454046
       1.456601
       1.459161
       1.461725
       1.464295
        1.46687
       1.469449
       1.472034
       1.474623
       1.477217
       1.479815
       1.482418
       1.485026
       1.487637
       1.490253
       1.492873
       1.495498
       1.498126
       1.500758
       1.503394
       1.506034
       1.508677
       1.511324
       1.513974
       1.516628
       1.519285
       1.521946
       1.524609
       1.527276
       1.529945
       1.532618
       1.535293
       1.537971
       1.540651
       1.543334
       1.546019
       1.548707
       1.551397
       1.554089
       1.556783
       1.559478
       1.562176
       1.564875
       1.567576
       1.570279
       1.572983
       1.575688
       1.578394
       1.581101
        1.58381
       1.586519
       1.589229
        1.59194
       1.594651
       1.597363
       1.600075
       1.602788
         1.6055
       1.608213
       1.610926
       1.613638
        1.61635
       1.619062
       1.621773
       1.624484
       1.627194
       1.629903
       1.632611
       1.635318
       1.638023
       1.640728
       1.643431
       1.646133
       1.648833
       1.651531
       1.654227
       1.656922
       1.659614
       1.662304
       1.664992
       1.667677
        1.67036
        1.67304
       1.675717
       1.678391
       1.681062
        1.68373
       1.686395
       1.689057
       1.691715
       1.694369
       1.697019
       1.699666
       1.702309
       1.704947
       1.707581
       1.710211
       1.712837
       1.715458
       1.718074
       1.720685
       1.723291
       1.725892
       1.728488
       1.731079
       1.733664
       1.736244
       1.738817
       1.741385
       1.743948
       1.746504
       1.749053
       1.751597
       1.754134
       1.756664
       1.759188
       1.761705
       1.764215
       1.766718
       1.769214
       1.771702
       1.774183
       1.776656
       1.779122
        1.78158
        1.78403
       1.786472
       1.788906
       1.791331
       1.793748
       1.796157
       1.798557
       1.800948
        1.80333
       1.805703
       1.808067
       1.810422
       1.812767
       1.815103
       1.817429
       1.819746
       1.822052
       1.824349
       1.826635
       1.828911
       1.831177
       1.833432
       1.835677
       1.837911
       1.840134
       1.842346
       1.844548
       1.846738
       1.848916
       1.851084
       1.853239
       1.855383
       1.857516
       1.859636
       1.861745
       1.863841
       1.865925
       1.867997
       1.870056
       1.872103
       1.874137
       1.876158
       1.878167
       1.880162
       1.882145
       1.884114
       1.886069
       1.888012
       1.889941
       1.891856
       1.893757
       1.895645
       1.897518
       1.899378
       1.901223
       1.903054
       1.904871
       1.906673
       1.908461
       1.910234
       1.911992
       1.913735
       1.915463
       1.917176
       1.918874
       1.920557
       1.922225
       1.923877
       1.925513
       1.927134
       1.928739
       1.930328
       1.931901
       1.933458
          1.935
       1.936525
       1.938033
       1.939526
       1.941001
       1.942461
       1.943904
        1.94533
       1.946739
       1.948131
       1.949507
       1.950865
       1.952206
       1.953531
       1.954837
       1.956127
       1.957399
       1.958654
       1.959891
        1.96111
       1.962312
       1.963496
       1.964662
       1.965811
       1.966941
       1.968053
       1.969147
       1.970223
       1.971281
        1.97232
       1.973342
       1.974344
       1.975328
       1.976294
       1.977241
        1.97817
       1.979079
        1.97997
       1.980843
       1.981696
        1.98253
       1.983346
       1.984142
        1.98492
       1.985678
       1.986417
       1.987137
       1.987838
       1.988519
       1.989181
       1.989824
       1.990448
       1.991052
       1.991636
       1.992201
       1.992747
       1.993272
       1.993779
       1.994265
       1.994732
        1.99518
       1.995607
       1.996015
       1.996403
       1.996772
        1.99712
       1.997449
       1.997758
       1.998047
       1.998316
       1.998565
       1.998794
       1.999004
       1.999193
       1.999363
       1.999512
       1.999642
       1.999751
       1.999841
       1.999911
        1.99996
        1.99999
       1.999999
       1.999989
       1.999959
       1.999908
       1.999838
       1.999747
       1.999637
       1.999507
       1.999356
       1.999186
       1.998996
       1.998786
       1.998556
       1.998306
       1.998036
       1.997746
       1.997436
       1.997107
       1.996757
       1.996388
       1.995999
       1.995591
       1.995162
       1.994714
       1.994246
       1.993759
       1.993252
       1.992725
       1.992179
       1.991613
       1.991028
       1.990423
       1.989799
       1.989155
       1.988493
        1.98781
       1.987109
       1.986388
       1.985648
       1.984889
       1.984111
       1.983314
       1.982498
       1.981663
       1.980809
       1.979936
       1.979044
       1.978133
       1.977204
       1.976257
        1.97529
       1.974305
       1.973302
        1.97228
        1.97124
       1.970181
       1.969105
        1.96801
       1.966897
       1.965766
       1.964617
        1.96345
       1.962266
       1.961063
       1.959843
       1.958605
        1.95735
       1.956077
       1.954787
        1.95348
       1.952155
       1.950813
       1.949454
       1.948078
       1.946685
       1.945275
       1.943848
       1.942405
       1.940945
       1.939469
       1.937976
       1.936467
       1.934941
       1.933399
       1.931842
       1.930268
       1.928678
       1.927072
       1.925451
       1.923814
       1.922162
       1.920494
       1.918811
       1.917112
       1.915398
        1.91367
       1.911926
       1.910167
       1.908394
       1.906606
       1.904803
       1.902986
       1.901155
       1.899309
       1.897449
       1.895575
       1.893687
       1.891785
        1.88987
       1.887941
       1.885998
       1.884042
       1.882072
       1.880089
       1.878094
       1.876085
       1.874063
       1.872029
       1.869982
       1.867922
        1.86585
       1.863765
       1.861669
        1.85956
       1.857439
       1.855307
       1.853162
       1.851006
       1.848839
        1.84666
        1.84447
       1.842268
       1.840056
       1.837832
       1.835598
       1.833353
       1.831098
       1.828832
       1.826555
       1.824269
       1.821972
       1.819665
       1.817349
       1.815023
       1.812687
       1.810341
       1.807986
       1.805622
       1.803249
       1.800867
       1.798475
       1.796075
       1.793667
        1.79125
       1.788824
        1.78639
       1.783948
       1.781498
        1.77904
       1.776574
       1.774101
        1.77162
       1.769131
       1.766636
       1.764133
       1.761623
       1.759106
       1.756582
       1.754052
       1.751515
       1.748971
       1.746421
       1.743865
       1.741303
       1.738735
       1.736162
       1.733582
       1.730997
       1.728406
       1.725811
        1.72321
       1.720603
       1.717992
       1.715376
       1.712755
        1.71013
         1.7075
       1.704866
       1.702228
       1.699585
       1.696939
       1.694289
       1.691634
       1.688977
       1.686315
       1.683651
       1.680983
       1.678312
       1.675638
       1.672961
       1.670281
       1.667598
       1.664913
       1.662226
       1.659536
       1.656844
        1.65415
       1.651454
       1.648756
       1.646056
       1.643355
       1.640652
       1.637948
       1.635242
       1.632535
       1.629828
       1.627119
       1.624409
       1.621699
       1.618988
       1.616277
       1.613565
       1.610853
       1.608141
       1.605428
       1.602716
       1.600004
       1.597292
       1.594581
        1.59187
       1.589159
       1.586449
        1.58374
       1.581032
       1.578325
       1.575619
       1.572915
       1.570211
       1.567509
       1.564808
        1.56211
       1.559412
       1.556717
       1.554023
       1.551332
       1.548643
       1.545955
        1.54327
       1.540588
       1.537908
       1.535231
       1.532556
       1.529884
       1.527215
       1.524549
       1.521886
       1.519226
       1.516569
       1.513915
       1.511265
       1.508619
       1.505976
       1.503337
       1.500701
       1.498069
       1.495442
       1.492818
       1.490198
       1.487583
       1.484972
       1.482365
       1.479762
       1.477164
       1.474571
       1.471982
       1.469398
       1.466819
       1.464245
       1.461676
       1.459111
       1.456552
       1.453998
       1.451449
       1.448906
       1.446368
       1.443835
       1.441309
       1.438787
       1.436271
       1.433762
       1.431257
       1.428759
       1.426267
       1.423781
       1.421301
       1.418827
       1.416359
       1.413897
       1.411442
       1.408993
       1.406551
       1.404115
       1.401685
       1.399263
       1.396847
       1.394437
       1.392035
       1.389639
        1.38725
       1.384868
       1.382494
       1.380126
       1.377765
       1.375412
       1.373065
       1.370726
       1.368394
        1.36607
       1.363753
       1.361443
       1.359141
       1.356847
        1.35456
        1.35228
       1.350009
       1.347745
       1.345488
        1.34324
       1.340999
       1.338766
       1.336541
       1.334324
       1.332115
       1.329914
       1.327721
       1.325536
       1.323359
        1.32119
        1.31903
       1.316877
       1.314733
       1.312597
        1.31047
        1.30835
        1.30624
       1.304137
       1.302043
       1.299957
        1.29788
       1.295811
       1.293751
       1.291699
       1.289655
       1.287621
       1.285594
       1.283577
       1.281568
       1.279568
       1.277576
       1.275593
       1.273619
       1.271654
       1.269697
       1.267749
        1.26581
       1.263879
       1.261957
       1.260044
        1.25814
       1.256245
       1.254358
        1.25248
       1.250611
       1.248751
         1.2469
       1.245058
       1.243224
         1.2414
       1.239585
       1.237778
       1.235981
       1.234193
       1.232413
       1.230643
       1.228881
       1.227128
       1.225384
       1.223649
       1.221922
       1.220204
       1.218495
       1.216794
       1.215102
       1.213419
       1.211745
        1.21008
       1.208424
       1.206777
        1.20514
       1.203512
       1.201894
       1.200285
       1.198686
       1.197096
       1.195516
       1.193944
       1.192381
       1.190827
       1.189281
       1.187742
        1.18621
       1.184686
       1.183169
        1.18166
       1.180157
       1.178662
       1.177175
       1.175696
       1.174226
       1.172766
       1.171317
       1.169878
       1.168451
       1.167036
       1.165634
       1.164244
       1.162867
       1.161501
       1.160147
       1.158802
       1.157467
       1.156139
       1.154818
         1.1535
       1.152186
       1.150874
       1.149562
        1.14825
       1.146938
       1.145626
       1.144313
       1.143002
       1.141695
       1.140392
       1.139097
       1.137813
       1.136541
       1.135287
       1.134051
       1.132837
       1.131648
       1.130484
       1.129347
       1.128237
       1.127154
       1.126095
        1.12506
       1.124044
       1.123043
       1.122054
       1.121071
       1.120088
       1.119101
       1.118104
       1.117091
       1.116057
          1.115
       1.113914
       1.112798
       1.111651
       1.110471
       1.109261
       1.108022
       1.106758
       1.105472
       1.104172
       1.102862
        1.10155
       1.100244
       1.098952
       1.097683
       1.096444
       1.095245
       1.094093
       1.092997
       1.091963
       1.090997
       1.090106
       1.089294
       1.088565
       1.087922
       1.087367
       1.086902
       1.086527
        1.08624
       1.086042
        1.08593
       1.085902
       1.085955
       1.086084
       1.086288
