            100
              1
              1
              1
              1
              1
              1
              1
              1
              1
              1
              1
              1
              1
              1
              1
              1
              1
              1
              1
              1
              1
              1
              1
              1
              1
              1
              1
              1
              1
              1
              1
              1
              1
              1
              1
              1
              1
              1
              1
              1
              1
              1
              1
              1
      0.9999999
      0.9999999
      0.9999998
      0.9999998
      0.9999998
      0.9999998
      0.9999998
      0.9999998
      0.9999999
              1
              1
              1
              1
              1
       1.000001
       1.000001
       1.000001
              1
              1
              1
      0.9999999
      0.9999996
      0.9999993
      0.9999991
      0.9999988
      0.9999986
      0.9999985
      0.9999986
      0.9999987
      0.9999991
      0.9999996
              1
       1.000001
       1.000002
       1.000002
       1.000003
       1.000003
       1.000004
       1.000004
       1.000003
       1.000002
       1.000001
      0.9999999
      0.9999981
      0.9999963
      0.9999945
      0.9999928
      0.9999915
      0.9999907
      0.9999906
      0.9999913
      0.9999929
      0.9999954
      0.9999987
       1.000003
       1.000007
       1.000012
       1.000016
       1.000019
       1.000022
       1.000023
       1.000023
        1.00002
       1.000016
       1.000009
              1
      0.9999906
      0.9999799
      0.9999691
      0.9999591
      0.9999509
      0.9999452
      0.9999429
      0.9999449
      0.9999514
      0.9999628
      0.9999789
       0.999999
       1.000022
       1.000048
       1.000073
       1.000097
       1.000117
       1.000131
       1.000137
       1.000135
       1.000122
       1.000098
       1.000063
       1.000019
      0.9999665
      0.9999092
      0.9998501
      0.9997932
      0.9997427
      0.9997032
      0.9996789
      0.9996736
      0.9996902
      0.9997305
      0.9997949
      0.9998823
      0.9999898
       1.000113
       1.000245
       1.000379
       1.000506
       1.000617
       1.000703
       1.000754
       1.000763
       1.000724
       1.000634
       1.000492
         1.0003
       1.000064
       0.999794
      0.9995016
      0.9992023
      0.9989137
      0.9986544
      0.9984437
      0.9982999
      0.9982394
      0.9982756
      0.9984177
      0.9986698
      0.9990299
      0.9994897
       1.000034
       1.000643
       1.001288
       1.001937
       1.002556
       1.003107
       1.003552
       1.003855
       1.003985
       1.003917
       1.003632
       1.003123
       1.002393
       1.001456
       1.000339
       0.999081
      0.9977303
      0.9963454
       0.994992
        0.99374
      0.9926607
      0.9918236
      0.9912927
       0.991123
      0.9913576
       0.992024
      0.9931324
      0.9946732
      0.9966165
      0.9989117
       1.001488
       1.004257
       1.007115
       1.009943
       1.012619
       1.015013
          1.017
       1.018461
       1.019291
       1.019402
       1.018728
       1.017232
       1.014905
        1.01177
       1.007885
        1.00334
       0.998254
      0.9927778
      0.9870851
      0.9813691
      0.9758364
      0.9707005
      0.9661737
      0.9624604
      0.9597491
      0.9582054
      0.9579649
      0.9591277
      0.9617533
       0.965857
      0.9714072
       0.978325
      0.9864846
      0.9957153
       1.005805
       1.016506
        1.02754
       1.038606
       1.049387
       1.059561
        1.06881
       1.076823
       1.083314
       1.088023
       1.090727
       1.091246
       1.089446
       1.085249
        1.07863
       1.069622
       1.058313
       1.044849
       1.029428
       1.012297
       0.993745
      0.9741006
      0.9537222
      0.9329914
       0.912305
      0.8920671
      0.8726808
      0.8545405
      0.8380242
      0.8234868
      0.8112538
      0.8016159
      0.7948243
      0.7910875
      0.7905683
      0.7933826
      0.7995986
      0.8092374
      0.8222739
      0.8386394
      0.8582237
      0.8808792
      0.9064245
      0.9346487
      0.9653162
      0.9981712
       1.032943
       1.069349
       1.107103
       1.145916
       1.185501
       1.225581
       1.265884
       1.306155
       1.346153
       1.385653
       1.424453
       1.462368
       1.499235
       1.534914
       1.569284
       1.602247
       1.633725
       1.663661
       1.692013
       1.718761
       1.743897
        1.76743
       1.789381
       1.809781
       1.828674
       1.846108
       1.862143
       1.876839
       1.890265
       1.902488
       1.913582
       1.923618
       1.932668
       1.940802
       1.948092
       1.954605
       1.960405
       1.965556
       1.970115
       1.974139
        1.97768
       1.980787
       1.983505
       1.985876
       1.987938
       1.989726
       1.991272
       1.992605
       1.993751
       1.994733
       1.995573
       1.996289
       1.996897
       1.997413
       1.997848
       1.998215
       1.998524
       1.998782
       1.998998
       1.999178
       1.999328
       1.999452
       1.999554
       1.999638
       1.999707
       1.999764
        1.99981
       1.999848
       1.999878
       1.999903
       1.999923
       1.999939
       1.999951
       1.999962
        1.99997
       1.999976
       1.999981
       1.999985
       1.999988
       1.999991
       1.999993
       1.999995
       1.999996
       1.999998
       1.999999
              2
              2
       2.000001
       2.000001
       2.000001
       2.000001
              2
              2
       1.999999
       1.999998
       1.999998
       1.999997
       1.999996
       1.999996
       1.999996
       1.999997
       1.999998
       1.999999
              2
       2.000002
       2.000004
       2.000006
       2.000007
       2.000008
       2.000009
       2.000009
       2.000009
       2.000007
       2.000005
       2.000001
       1.999997
       1.999993
       1.999988
       1.999984
       1.999981
       1.999978
       1.999977
       1.999977
        1.99998
       1.999984
       1.999991
              2
       2.000009
        2.00002
       2.000031
       2.000041
       2.000049
       2.000055
       2.000057
       2.000055
       2.000049
       2.000037
       2.000021
       2.000001
       1.999978
       1.999952
       1.999927
       1.999903
       1.999883
       1.999869
       1.999863
       1.999865
       1.999878
       1.999902
       1.999937
       1.999981
       2.000033
       2.000091
        2.00015
       2.000207
       2.000257
       2.000297
       2.000321
       2.000326
        2.00031
        2.00027
       2.000205
       2.000118
        2.00001
       1.999887
       1.999755
       1.999621
       1.999494
       1.999383
       1.999297
       1.999246
       1.999237
       1.999276
       1.999366
       1.999508
         1.9997
       1.999936
       2.000206
       2.000498
       2.000798
       2.001086
       2.001346
       2.001556
         2.0017
       2.001761
       2.001724
       2.001582
        2.00133
        2.00097
        2.00051
       1.999966
       1.999357
       1.998712
       1.998063
       1.997444
       1.996893
       1.996448
       1.996145
       1.996015
       1.996083
       1.996368
       1.996877
       1.997607
       1.998544
       1.999661
       2.000919
        2.00227
       2.003655
       2.005008
        2.00626
       2.007339
       2.008176
       2.008707
       2.008877
       2.008642
       2.007976
       2.006868
       2.005327
       2.003384
       2.001088
       1.998512
       1.995743
       1.992885
       1.990057
       1.987381
       1.984987
          1.983
       1.981539
       1.980709
       1.980598
       1.981272
       1.982768
       1.985095
        1.98823
       1.992115
        1.99666
       2.001746
       2.007222
       2.012915
       2.018631
       2.024164
         2.0293
       2.033826
        2.03754
       2.040251
       2.041795
       2.042035
       2.040872
       2.038247
       2.034143
       2.028593
       2.021675
       2.013515
       2.004285
       1.994195
       1.983494
        1.97246
       1.961394
       1.950613
       1.940439
        1.93119
       1.923177
       1.916686
       1.911977
       1.909273
       1.908754
       1.910554
       1.914751
        1.92137
       1.930378
       1.941687
       1.955151
       1.970572
       1.987703
       2.006255
       2.025899
       2.046278
       2.067009
       2.087695
       2.107933
       2.127319
       2.145459
       2.161976
       2.176513
       2.188746
       2.198384
       2.205176
       2.208913
       2.209432
       2.206617
       2.200401
       2.190763
       2.177726
       2.161361
       2.141776
       2.119121
       2.093576
       2.065351
       2.034684
       2.001829
       1.967057
       1.930651
       1.892897
       1.854084
       1.814499
       1.774419
       1.734116
       1.693845
       1.653847
       1.614347
       1.575547
       1.537632
       1.500765
       1.465086
       1.430716
       1.397753
       1.366275
       1.336339
       1.307987
       1.281239
       1.256103
        1.23257
       1.210619
       1.190219
       1.171326
       1.153892
       1.137857
       1.123161
       1.109735
       1.097512
       1.086418
       1.076382
       1.067332
       1.059197
       1.051908
       1.045395
       1.039595
       1.034444
       1.029885
       1.025861
        1.02232
       1.019213
       1.016495
       1.014124
       1.012062
       1.010274
       1.008728
       1.007395
       1.006249
       1.005267
       1.004427
       1.003711
       1.003103
       1.002587
       1.002152
       1.001784
       1.001476
       1.001217
       1.001001
       1.000822
       1.000672
       1.000548
       1.000446
       1.000362
       1.000293
       1.000236
        1.00019
       1.000152
       1.000122
       1.000097
       1.000077
       1.000061
       1.000048
       1.000038
        1.00003
       1.000023
       1.000018
       1.000014
       1.000011
       1.000009
       1.000007
       1.000005
       1.000004
       1.000003
       1.000002
       1.000002
       1.000001
       1.000001
       1.000001
       1.000001
              1
              1
              1
              1
              1
              1
              1
              1
              1
              1
              1
              1
              1
              1
              1
              1
              1
              1
              1
              1
              1
              1
              1
              1
              1
              1
              1
              1
              1
              1
              1
              1
              1
              1
              1
              1
              1
              1
              1
              1
              1
              1
              1
              1
              1
              1
              1
              1
              1
              1
              1
              1
              1
              1
              1
              1
              1
              1
              1
              1
              1
              1
              1
              1
              1
              1
              1
              1
              1
              1
              1
              1
              1
              1
              1
              1
              1
              1
              1
              1
              1
              1
              1
              1
              1
              1
              1
              1
              1
              1
              1
              1
              1
              1
              1
              1
              1
              1
              1
              1
              1
              1
              1
              1
              1
              1
              1
              1
              1
              1
              1
              1
              1
              1
              1
              1
              1
              1
              1
              1
              1
              1
              1
              1
              1
              1
              1
              1
              1
              1
              1
              1
              1
              1
              1
              1
              1
              1
              1
              1
              1
              1
              1
              1
              1
              1
              1
              1
              1
              1
              1
              1
              1
              1
              1
              1
              1
              1
              1
              1
              1
              1
              1
              1
              1
              1
              1
              1
              1
              1
              1
              1
              1
              1
              1
              1
              1
              1
              1
              1
              1
              1
              1
              1
              1
              1
              1
              1
              1
              1
              1
              1
              1
              1
              1
              1
              1
              1
              1
              1
              1
              1
              1
              1
              1
              1
              1
              1
              1
              1
              1
              1
              1
              1
              1
              1
              1
              1
              1
              1
              1
              1
              1
              1
              1
              1
              1
              1
              1
              1
              1
              1
              1
              1
              1
              1
              1
              1
              1
              1
              1
              1
              1
              1
              1
              1
              1
              1
              1
              1
              1
              1
              1
              1
              1
              1
              1
              1
              1
              1
              1
              1
              1
              1
              1
              1
              1
              1
              1
              1
              1
              1
              1
              1
              1
              1
              1
              1
              1
              1
              1
              1
              1
              1
              1
              1
              1
              1
              1
              1
              1
              1
              1
              1
              1
              1
              1
              1
              1
              1
              1
              1
              1
              1
              1
              1
              1
              1
              1
              1
              1
              1
              1
              1
              1
              1
              1
              1
              1
              1
              1
              1
              1
              1
              1
              1
              1
