              1
       1.083338
       1.083843
       1.084521
       1.085314
       1.086173
       1.087062
       1.087958
       1.088852
       1.089743
       1.090632
       1.091523
        1.09242
       1.093324
       1.094235
       1.095154
       1.096081
       1.097015
       1.097955
       1.098903
       1.099858
       1.100821
        1.10179
       1.102767
       1.103751
       1.104742
       1.105741
       1.106747
       1.107761
       1.108782
        1.10981
       1.110846
        1.11189
       1.112941
       1.113999
       1.115066
        1.11614
       1.117221
       1.118311
       1.119408
       1.120513
       1.121625
       1.122746
       1.123874
        1.12501
       1.126154
       1.127306
       1.128466
       1.129634
        1.13081
       1.131994
       1.133186
       1.134386
       1.135594
        1.13681
       1.138035
       1.139267
       1.140508
       1.141757
       1.143014
        1.14428
       1.145554
       1.146836
       1.148126
       1.149425
       1.150732
       1.152048
       1.153372
       1.154704
       1.156045
       1.157394
       1.158752
       1.160119
       1.161493
       1.162877
       1.164269
       1.165669
       1.167079
       1.168496
       1.169923
       1.171358
       1.172802
       1.174254
       1.175715
       1.177185
       1.178664
       1.180151
       1.181647
       1.183152
       1.184665
       1.186188
       1.187719
       1.189259
       1.190807
       1.192365
       1.193931
       1.195507
       1.197091
       1.198684
       1.200286
       1.201896
       1.203516
       1.205145
       1.206782
       1.208428
       1.210084
       1.211748
       1.213421
       1.215103
       1.216793
       1.218493
       1.220202
        1.22192
       1.223646
       1.225382
       1.227126
       1.228879
       1.230642
       1.232413
       1.234193
       1.235982
        1.23778
       1.239587
       1.241402
       1.243227
       1.245061
       1.246903
       1.248754
       1.250614
       1.252483
       1.254361
       1.256248
       1.258143
       1.260048
       1.261961
       1.263883
       1.265814
       1.267753
       1.269701
       1.271658
       1.273624
       1.275599
       1.277582
       1.279574
       1.281574
       1.283583
       1.285601
       1.287627
       1.289662
       1.291706
       1.293758
       1.295818
       1.297887
       1.299965
       1.302051
       1.304145
       1.306248
       1.308359
       1.310479
       1.312607
       1.314743
       1.316887
        1.31904
       1.321201
        1.32337
       1.325547
       1.327732
       1.329925
       1.332127
       1.334336
       1.336553
       1.338778
       1.341011
       1.343252
       1.345501
       1.347758
       1.350022
       1.352294
       1.354574
       1.356861
       1.359156
       1.361458
       1.363768
       1.366085
        1.36841
       1.370742
       1.373081
       1.375428
       1.377782
       1.380143
       1.382511
       1.384886
       1.387268
       1.389657
       1.392053
       1.394455
       1.396865
       1.399281
       1.401704
       1.404134
        1.40657
       1.409013
       1.411462
       1.413917
       1.416379
       1.418847
       1.421322
       1.423802
       1.426288
       1.428781
       1.431279
       1.433784
       1.436294
        1.43881
       1.441332
       1.443859
       1.446391
        1.44893
       1.451473
       1.454022
       1.456577
       1.459136
         1.4617
        1.46427
       1.466845
       1.469424
       1.472008
       1.474597
       1.477191
       1.479789
       1.482392
       1.484999
        1.48761
       1.490226
       1.492846
        1.49547
       1.498098
        1.50073
       1.503365
       1.506005
       1.508648
       1.511295
       1.513945
       1.516599
       1.519256
       1.521916
       1.524579
       1.527246
       1.529915
       1.532587
       1.535262
        1.53794
        1.54062
       1.543303
       1.545988
       1.548675
       1.551365
       1.554056
        1.55675
       1.559446
       1.562143
       1.564842
       1.567543
       1.570245
       1.572949
       1.575654
        1.57836
       1.581067
       1.583775
       1.586485
       1.589195
       1.591905
       1.594616
       1.597328
        1.60004
       1.602752
       1.605465
       1.608177
        1.61089
       1.613602
       1.616314
       1.619026
       1.621737
       1.624447
       1.627157
       1.629866
       1.632574
        1.63528
       1.637986
        1.64069
       1.643393
       1.646095
       1.648795
       1.651493
       1.654189
       1.656883
       1.659576
       1.662265
       1.664953
       1.667638
       1.670321
       1.673001
       1.675678
       1.678352
       1.681023
       1.683691
       1.686356
       1.689017
       1.691675
       1.694329
        1.69698
       1.699626
       1.702269
       1.704907
       1.707542
       1.710171
       1.712797
       1.715418
       1.718034
       1.720645
       1.723251
       1.725852
       1.728448
       1.731039
       1.733624
       1.736203
       1.738777
       1.741345
       1.743907
       1.746463
       1.749013
       1.751556
       1.754094
       1.756624
       1.759148
       1.761665
       1.764175
       1.766678
       1.769173
       1.771662
       1.774143
       1.776616
       1.779082
        1.78154
        1.78399
       1.786432
       1.788866
       1.791291
       1.793709
       1.796117
       1.798517
       1.800908
        1.80329
       1.805664
       1.808028
       1.810382
       1.812728
       1.815064
        1.81739
       1.819706
       1.822013
        1.82431
       1.826596
       1.828872
       1.831138
       1.833394
       1.835639
       1.837873
       1.840096
       1.842308
        1.84451
         1.8467
       1.848879
       1.851046
       1.853202
       1.855346
       1.857479
       1.859599
       1.861708
       1.863804
       1.865888
        1.86796
        1.87002
       1.872067
       1.874101
       1.876123
       1.878131
       1.880127
       1.882109
       1.884079
       1.886035
       1.887977
       1.889906
       1.891822
       1.893723
       1.895611
       1.897485
       1.899344
        1.90119
       1.903021
       1.904838
       1.906641
       1.908428
       1.910201
        1.91196
       1.913703
       1.915432
       1.917145
       1.918844
       1.920527
       1.922194
       1.923847
       1.925483
       1.927104
       1.928709
       1.930299
       1.931872
        1.93343
       1.934971
       1.936497
       1.938006
       1.939498
       1.940974
       1.942434
       1.943877
       1.945303
       1.946713
       1.948106
       1.949481
        1.95084
       1.952182
       1.953506
       1.954813
       1.956103
       1.957376
       1.958631
       1.959868
       1.961088
        1.96229
       1.963474
       1.964641
       1.965789
        1.96692
       1.968033
       1.969127
       1.970203
       1.971261
       1.972301
       1.973323
       1.974326
        1.97531
       1.976276
       1.977224
       1.978153
       1.979063
       1.979954
       1.980827
        1.98168
       1.982515
       1.983331
       1.984128
       1.984905
       1.985664
       1.986404
       1.987124
       1.987825
       1.988507
       1.989169
       1.989812
       1.990436
       1.991041
       1.991625
       1.992191
       1.992737
       1.993263
        1.99377
       1.994257
       1.994724
       1.995172
         1.9956
       1.996008
       1.996397
       1.996765
       1.997114
       1.997443
       1.997753
       1.998042
       1.998312
       1.998561
       1.998791
       1.999001
        1.99919
        1.99936
        1.99951
        1.99964
        1.99975
        1.99984
        1.99991
        1.99996
        1.99999
              2
        1.99999
        1.99996
        1.99991
        1.99984
        1.99975
        1.99964
        1.99951
        1.99936
        1.99919
          1.999
       1.998791
       1.998561
       1.998311
       1.998042
       1.997752
       1.997443
       1.997114
       1.996765
       1.996396
       1.996008
         1.9956
       1.995172
       1.994724
       1.994256
       1.993769
       1.993263
       1.992736
        1.99219
       1.991625
        1.99104
       1.990436
       1.989812
       1.989169
       1.988506
       1.987824
       1.987123
       1.986403
       1.985663
       1.984905
       1.984127
        1.98333
       1.982514
        1.98168
       1.980826
       1.979953
       1.979062
       1.978152
       1.977223
       1.976276
        1.97531
       1.974325
       1.973322
         1.9723
       1.971261
       1.970203
       1.969126
       1.968032
       1.966919
       1.965788
        1.96464
       1.963473
       1.962289
       1.961087
       1.959867
        1.95863
       1.957375
       1.956102
       1.954812
       1.953505
       1.952181
       1.950839
        1.94948
       1.948104
       1.946712
       1.945302
       1.943876
       1.942433
       1.940973
       1.939497
       1.938004
       1.936495
        1.93497
       1.933429
       1.931871
       1.930298
       1.928708
       1.927103
       1.925482
       1.923845
       1.922193
       1.920525
       1.918842
       1.917144
       1.915431
       1.913702
       1.911959
         1.9102
       1.908427
       1.906639
       1.904837
        1.90302
       1.901189
       1.899343
       1.897483
        1.89561
       1.893722
        1.89182
       1.889905
       1.887976
       1.886033
       1.884077
       1.882108
       1.880125
        1.87813
       1.876121
         1.8741
       1.872065
       1.870018
       1.867959
       1.865887
       1.863803
       1.861706
       1.859598
       1.857477
       1.855345
         1.8532
       1.851044
       1.848877
       1.846698
       1.844508
       1.842307
       1.840094
       1.837871
       1.835637
       1.833392
       1.831137
       1.828871
       1.826595
       1.824308
       1.822011
       1.819705
       1.817388
       1.815062
       1.812726
       1.810381
       1.808026
       1.805662
       1.803289
       1.800907
       1.798515
       1.796115
       1.793707
        1.79129
       1.788864
        1.78643
       1.783988
       1.781538
        1.77908
       1.776615
       1.774141
        1.77166
       1.769172
       1.766676
       1.764173
       1.761663
       1.759146
       1.756622
       1.754092
       1.751555
       1.749011
       1.746462
       1.743906
       1.741344
       1.738776
       1.736202
       1.733622
       1.731037
       1.728446
       1.725851
       1.723249
       1.720643
       1.718032
       1.715416
       1.712795
        1.71017
        1.70754
       1.704906
       1.702267
       1.699625
       1.696978
       1.694328
       1.691674
       1.689016
       1.686354
        1.68369
       1.681022
       1.678351
       1.675676
       1.672999
       1.670319
       1.667637
       1.664952
       1.662264
       1.659574
       1.656882
       1.654188
       1.651491
       1.648793
       1.646093
       1.643392
       1.640689
       1.637985
       1.635279
       1.632572
       1.629864
       1.627155
       1.624446
       1.621735
       1.619024
       1.616312
       1.613601
       1.610888
       1.608176
       1.605463
       1.602751
       1.600039
       1.597327
       1.594615
       1.591904
       1.589193
       1.586483
       1.583774
       1.581066
       1.578359
       1.575652
       1.572948
       1.570244
       1.567542
       1.564841
       1.562142
       1.559444
       1.556749
       1.554055
       1.551363
       1.548674
       1.545986
       1.543301
       1.540619
       1.537938
       1.535261
       1.532586
       1.529914
       1.527244
       1.524578
       1.521915
       1.519255
       1.516598
       1.513944
       1.511294
       1.508647
       1.506004
       1.503364
       1.500729
       1.498097
       1.495469
       1.492845
       1.490225
       1.487609
       1.484998
       1.482391
       1.479788
        1.47719
       1.474596
       1.472007
       1.469423
       1.466844
       1.464269
       1.461699
       1.459135
       1.456576
       1.454021
       1.451472
       1.448929
       1.446391
       1.443858
       1.441331
       1.438809
       1.436293
       1.433783
       1.431279
        1.42878
       1.426288
       1.423801
       1.421321
       1.418846
       1.416378
       1.413917
       1.411461
       1.409012
       1.406569
       1.404133
       1.401704
       1.399281
       1.396864
       1.394455
       1.392052
       1.389656
       1.387267
       1.384885
        1.38251
       1.380142
       1.377781
       1.375427
       1.373081
       1.370741
       1.368409
       1.366085
       1.363767
       1.361458
       1.359155
        1.35686
       1.354573
       1.352293
       1.350021
       1.347757
       1.345501
       1.343252
       1.341011
       1.338778
       1.336553
       1.334335
       1.332126
       1.329925
       1.327731
       1.325546
       1.323369
         1.3212
       1.319039
       1.316887
       1.314742
       1.312606
       1.310479
       1.308359
       1.306248
       1.304145
       1.302051
       1.299965
       1.297887
       1.295818
       1.293758
       1.291706
       1.289662
       1.287627
       1.285601
       1.283583
       1.281574
       1.279573
       1.277582
       1.275598
       1.273624
       1.271658
       1.269701
       1.267753
       1.265814
       1.263883
       1.261961
       1.260048
       1.258143
       1.256248
       1.254361
       1.252483
       1.250614
       1.248754
       1.246903
        1.24506
       1.243227
       1.241402
       1.239587
        1.23778
       1.235982
       1.234193
       1.232413
       1.230642
       1.228879
       1.227126
       1.225382
       1.223646
        1.22192
       1.220202
       1.218493
       1.216794
       1.215103
       1.213421
       1.211748
       1.210084
       1.208428
       1.206782
       1.205145
       1.203516
       1.201897
       1.200286
       1.198684
       1.197091
       1.195507
       1.193932
       1.192365
       1.190808
       1.189259
       1.187719
       1.186188
       1.184665
       1.183152
       1.181647
       1.180151
       1.178664
       1.177185
       1.175715
       1.174254
       1.172802
       1.171358
       1.169923
       1.168497
       1.167079
        1.16567
       1.164269
       1.162877
       1.161494
       1.160119
       1.158752
       1.157395
       1.156045
       1.154704
       1.153372
       1.152048
       1.150732
       1.149425
       1.148126
       1.146836
       1.145554
        1.14428
       1.143015
       1.141757
       1.140508
       1.139267
       1.138035
        1.13681
       1.135594
       1.134386
       1.133186
       1.131994
        1.13081
       1.129634
       1.128466
       1.127306
       1.126154
        1.12501
       1.123874
       1.122746
       1.121626
       1.120513
       1.119408
       1.118311
       1.117222
        1.11614
       1.115066
          1.114
       1.112941
        1.11189
       1.110847
       1.109811
       1.108782
       1.107761
       1.106747
       1.105741
       1.104742
       1.103752
       1.102769
       1.101793
       1.100824
        1.09986
         1.0989
       1.097945
       1.096998
       1.096062
       1.095144
       1.094246
       1.093369
       1.092503
       1.091634
       1.090738
       1.089796
       1.088796
       1.087744
       1.086667
       1.085619
       1.084666
       1.083882
        1.08333
       1.083052
       1.083061
