            100
              1
              1
              1
              1
              1
              1
              1
              1
              1
              1
              1
              1
              1
              1
              1
              1
              1
              1
              1
              1
              1
              1
              1
              1
              1
              1
              1
              1
              1
              1
              1
              1
              1
              1
              1
              1
              1
              1
              1
              1
              1
              1
              1
              1
      0.9999999
      0.9999999
      0.9999998
      0.9999998
      0.9999998
      0.9999998
      0.9999998
      0.9999998
      0.9999999
              1
              1
              1
              1
              1
       1.000001
       1.000001
       1.000001
              1
              1
              1
      0.9999999
      0.9999997
      0.9999994
      0.9999991
      0.9999988
      0.9999986
      0.9999985
      0.9999986
      0.9999987
      0.9999991
      0.9999996
              1
       1.000001
       1.000002
       1.000002
       1.000003
       1.000004
       1.000004
       1.000004
       1.000003
       1.000003
       1.000001
      0.9999999
      0.9999982
      0.9999963
      0.9999945
      0.9999928
      0.9999915
      0.9999907
      0.9999906
      0.9999913
      0.9999929
      0.9999953
      0.9999986
       1.000003
       1.000007
       1.000011
       1.000016
       1.000019
       1.000022
       1.000023
       1.000023
        1.00002
       1.000016
       1.000009
       1.000001
      0.9999908
      0.9999801
      0.9999692
      0.9999592
      0.9999508
       0.999945
      0.9999427
      0.9999445
       0.999951
      0.9999624
      0.9999784
      0.9999985
       1.000022
       1.000047
       1.000073
       1.000097
       1.000117
       1.000131
       1.000138
       1.000135
       1.000123
       1.000099
       1.000064
        1.00002
      0.9999678
      0.9999103
      0.9998509
      0.9997936
      0.9997427
      0.9997027
      0.9996779
       0.999672
      0.9996881
      0.9997279
       0.999792
      0.9998792
      0.9999867
        1.00011
       1.000243
       1.000377
       1.000505
       1.000617
       1.000704
       1.000756
       1.000767
        1.00073
       1.000641
       1.000499
       1.000308
       1.000072
      0.9998013
       0.999508
      0.9992074
      0.9989169
      0.9986553
      0.9984419
      0.9982952
      0.9982317
       0.998265
      0.9984045
      0.9986543
      0.9990127
      0.9994717
       1.000016
       1.000626
       1.001273
       1.001926
       1.002549
       1.003105
       1.003556
       1.003866
       1.004003
       1.003941
       1.003663
       1.003159
       1.002433
       1.001498
       1.000382
      0.9991223
      0.9977677
      0.9963767
      0.9950147
      0.9937521
      0.9926603
      0.9918093
      0.9912636
      0.9910788
      0.9912987
      0.9919516
      0.9930482
        0.99458
      0.9965175
      0.9988109
        1.00139
       1.004166
       1.007036
       1.009881
       1.012578
       1.014998
       1.017014
       1.018506
       1.019369
       1.019513
       1.018871
       1.017404
       1.015102
       1.011988
       1.008116
       1.003576
      0.9984876
      0.9929992
      0.9872844
      0.9815368
       0.975963
      0.9707773
       0.966193
      0.9624159
      0.9596362
      0.9580214
      0.9577095
      0.9588028
      0.9613634
       0.965409
      0.9709106
      0.9777916
      0.9859282
      0.9951516
       1.005251
        1.01598
       1.027061
       1.038192
       1.049057
       1.059333
       1.068698
       1.076842
       1.083475
       1.088334
       1.091192
       1.091866
       1.090219
       1.086166
       1.079681
       1.070791
       1.059581
       1.046194
       1.030823
       1.013712
      0.9951498
      0.9754614
      0.9550043
      0.9341595
      0.9133241
      0.8929027
         0.8733
      0.8549124
      0.8381207
      0.8232832
      0.8107294
      0.8007542
      0.7936138
      0.7895218
      0.7886466
      0.7911097
       0.796985
      0.8062995
      0.8190339
       0.835125
      0.8544683
      0.8769213
      0.9023075
      0.9304207
      0.9610292
      0.9938811
       1.028708
       1.065233
       1.103169
       1.142229
       1.182131
       1.222593
       1.263349
        1.30414
       1.344726
       1.384883
       1.424404
       1.463105
       1.500821
       1.537409
       1.572746
       1.606733
       1.639289
       1.670353
       1.699882
       1.727851
       1.754252
        1.77909
       1.802382
       1.824159
       1.844461
       1.863334
       1.880834
       1.897021
        1.91196
       1.925718
       1.938365
        1.94997
       1.960606
        1.97034
       1.979242
       1.987377
        1.99481
       2.001602
        2.00781
        2.01349
       2.018694
       2.023468
       2.027858
       2.031905
       2.035646
       2.039117
       2.042348
       2.045368
       2.048204
       2.050877
       2.053409
       2.055819
       2.058122
       2.060333
       2.062465
       2.064529
       2.066535
       2.068491
       2.070406
       2.072284
       2.074133
       2.075956
       2.077757
       2.079541
       2.081309
       2.083066
       2.084812
       2.086549
       2.088279
       2.090004
       2.091723
       2.093439
       2.095152
       2.096862
        2.09857
       2.100276
       2.101981
       2.103685
       2.105388
       2.107091
       2.108793
       2.110495
       2.112197
       2.113898
       2.115599
         2.1173
       2.119001
       2.120701
       2.122401
       2.124101
       2.125801
         2.1275
         2.1292
       2.130899
       2.132597
       2.134296
       2.135995
       2.137695
       2.139394
       2.141094
       2.142795
       2.144496
       2.146198
         2.1479
       2.149603
       2.151306
       2.153008
       2.154711
       2.156413
       2.158114
       2.159814
       2.161513
       2.163211
       2.164907
       2.166602
       2.168296
       2.169989
       2.171683
       2.173376
       2.175071
       2.176767
       2.178465
       2.180166
       2.181869
       2.183576
       2.185286
       2.186999
       2.188714
        2.19043
       2.192147
       2.193862
       2.195574
       2.197283
       2.198986
       2.200684
       2.202374
       2.204057
       2.205732
       2.207402
       2.209067
       2.210729
        2.21239
       2.214054
       2.215724
       2.217402
       2.219092
       2.220796
       2.222515
       2.224251
       2.226004
       2.227771
       2.229549
       2.231336
       2.233126
       2.234912
       2.236688
       2.238449
       2.240186
       2.241894
        2.24357
        2.24521
       2.246813
       2.248381
       2.249919
       2.251433
       2.252932
       2.254429
       2.255937
       2.257468
       2.259038
       2.260659
       2.262344
       2.264101
       2.265936
        2.26785
       2.269839
       2.271895
       2.274004
       2.276146
       2.278299
       2.280437
       2.282531
       2.284552
       2.286472
       2.288266
       2.289914
       2.291402
       2.292724
       2.293882
       2.294889
       2.295766
       2.296546
        2.29727
       2.297986
       2.298747
        2.29961
       2.300633
       2.301868
       2.303365
       2.305161
       2.307285
       2.309748
       2.312547
       2.315659
       2.319045
       2.322646
        2.32639
       2.330187
       2.333939
       2.337541
       2.340883
       2.343861
       2.346377
       2.348348
       2.349709
       2.350416
       2.350454
       2.349837
       2.348608
       2.346844
       2.344651
       2.342162
       2.339536
       2.336948
       2.334587
       2.332646
       2.331317
       2.330779
       2.331193
       2.332692
       2.335378
       2.339308
       2.344496
       2.350909
       2.358462
       2.367021
       2.376403
       2.386384
       2.396702
       2.407065
        2.41716
       2.426666
       2.435258
       2.442629
       2.448492
       2.452594
       2.454728
       2.454742
       2.452542
       2.448104
       2.441472
       2.432763
       2.422165
       2.409934
       2.396388
       2.381901
       2.366893
       2.351819
       2.337155
        2.32339
       2.311009
       2.300478
       2.292235
       2.286674
       2.284137
       2.284899
       2.289164
       2.297056
       2.308617
       2.323802
       2.342479
       2.364433
       2.389369
       2.416916
        2.44664
       2.478047
       2.510597
       2.543715
         2.5768
       2.609243
       2.640433
       2.669772
       2.696687
       2.720639
       2.741131
       2.757722
       2.770026
       2.777724
       2.780564
       2.778365
        2.77102
       2.758489
       2.740806
       2.718069
       2.690438
        2.65813
       2.621416
       2.580608
        2.53606
       2.488152
       2.437291
       2.383899
       2.328409
       2.271254
       2.212864
       2.153661
        2.09405
       2.034421
       1.975136
       1.916534
       1.858925
       1.802588
       1.747769
       1.694686
       1.643519
       1.594421
       1.547511
        1.50288
       1.460591
       1.420681
        1.38316
       1.348021
       1.315234
       1.284752
       1.256516
       1.230451
       1.206473
       1.184491
       1.164405
       1.146113
       1.129509
       1.114485
       1.100934
       1.088751
       1.077831
       1.068074
       1.059383
       1.051665
       1.044831
       1.038799
       1.033489
       1.028831
       1.024755
       1.021199
       1.018106
       1.015423
       1.013104
       1.011103
       1.009383
       1.007909
       1.006648
       1.005574
       1.004661
       1.003887
       1.003232
       1.002681
       1.002218
       1.001829
       1.001505
       1.001235
        1.00101
       1.000824
       1.000671
       1.000544
        1.00044
       1.000355
       1.000286
       1.000229
       1.000183
       1.000146
       1.000116
       1.000092
       1.000073
       1.000057
       1.000045
       1.000035
       1.000028
       1.000021
       1.000017
       1.000013
        1.00001
       1.000008
       1.000006
       1.000004
       1.000003
       1.000003
       1.000002
       1.000001
       1.000001
       1.000001
       1.000001
              1
              1
              1
              1
              1
              1
              1
              1
              1
              1
              1
              1
              1
              1
              1
              1
              1
              1
              1
              1
              1
              1
              1
              1
              1
              1
              1
              1
              1
              1
              1
              1
              1
              1
              1
              1
              1
              1
              1
              1
              1
              1
              1
              1
              1
              1
              1
              1
              1
              1
              1
              1
              1
              1
              1
              1
              1
              1
              1
              1
              1
              1
              1
              1
              1
              1
              1
              1
              1
              1
              1
              1
              1
              1
              1
              1
              1
              1
              1
              1
              1
              1
              1
              1
              1
              1
              1
              1
              1
              1
              1
              1
              1
              1
              1
              1
              1
              1
              1
              1
              1
              1
              1
              1
              1
              1
              1
              1
              1
              1
              1
              1
              1
              1
              1
              1
              1
              1
              1
              1
              1
              1
              1
              1
              1
              1
              1
              1
              1
              1
              1
              1
              1
              1
              1
              1
              1
              1
              1
              1
              1
              1
              1
              1
              1
              1
              1
              1
              1
              1
              1
              1
              1
              1
              1
              1
              1
              1
              1
              1
              1
              1
              1
              1
              1
              1
              1
              1
              1
              1
              1
              1
              1
              1
              1
              1
              1
              1
              1
              1
              1
              1
              1
              1
              1
              1
              1
              1
              1
              1
              1
              1
              1
              1
              1
              1
              1
              1
              1
              1
              1
              1
              1
              1
              1
              1
              1
              1
              1
              1
              1
              1
              1
              1
              1
              1
              1
              1
              1
              1
              1
              1
              1
              1
              1
              1
              1
              1
              1
              1
              1
              1
              1
              1
              1
              1
              1
              1
              1
              1
              1
              1
              1
              1
              1
              1
              1
              1
              1
              1
              1
              1
              1
              1
              1
              1
              1
              1
              1
              1
              1
              1
              1
              1
              1
              1
              1
              1
              1
              1
              1
              1
              1
              1
              1
              1
              1
              1
              1
              1
              1
              1
              1
              1
              1
              1
              1
              1
              1
              1
              1
              1
              1
              1
              1
              1
              1
              1
              1
              1
              1
              1
              1
              1
              1
              1
              1
              1
              1
              1
              1
              1
              1
              1
              1
              1
              1
              1
              1
              1
              1
              1
              1
              1
              1
              1
