              5
       1.084234
       1.084642
       1.085166
       1.085785
       1.086482
       1.087238
        1.08804
       1.088876
       1.089737
       1.090615
       1.091505
       1.092406
       1.093314
       1.094229
       1.095151
       1.096079
       1.097014
       1.097955
       1.098903
       1.099858
        1.10082
       1.101789
       1.102766
        1.10375
       1.104742
        1.10574
       1.106746
        1.10776
       1.108781
       1.109809
       1.110845
       1.111889
        1.11294
       1.113999
       1.115065
       1.116139
       1.117221
        1.11831
       1.119407
       1.120512
       1.121624
       1.122745
       1.123873
       1.125009
       1.126153
       1.127305
       1.128465
       1.129633
       1.130809
       1.131993
       1.133185
       1.134385
       1.135593
        1.13681
       1.138034
       1.139267
       1.140507
       1.141756
       1.143014
       1.144279
       1.145553
       1.146835
       1.148126
       1.149424
       1.150732
       1.152047
       1.153371
       1.154704
       1.156045
       1.157394
       1.158752
       1.160118
       1.161493
       1.162876
       1.164268
       1.165669
       1.167078
       1.168496
       1.169922
       1.171358
       1.172801
       1.174254
       1.175715
       1.177185
       1.178663
       1.180151
       1.181647
       1.183151
       1.184665
       1.186187
       1.187719
       1.189258
       1.190807
       1.192365
       1.193931
       1.195507
       1.197091
       1.198684
       1.200286
       1.201896
       1.203516
       1.205144
       1.206782
       1.208428
       1.210083
       1.211748
       1.213421
       1.215103
       1.216793
       1.218493
       1.220202
        1.22192
       1.223646
       1.225382
       1.227126
        1.22888
       1.230642
       1.232413
       1.234193
       1.235982
        1.23778
       1.239587
       1.241403
       1.243227
       1.245061
       1.246903
       1.248755
       1.250615
       1.252484
       1.254362
       1.256248
       1.258144
       1.260048
       1.261961
       1.263883
       1.265814
       1.267754
       1.269702
       1.271659
       1.273625
       1.275599
       1.277582
       1.279574
       1.281575
       1.283584
       1.285602
       1.287628
       1.289663
       1.291706
       1.293758
       1.295819
       1.297888
       1.299966
       1.302052
       1.304146
       1.306249
        1.30836
        1.31048
       1.312608
       1.314744
       1.316888
       1.319041
       1.321202
       1.323371
       1.325548
       1.327733
       1.329926
       1.332127
       1.334337
       1.336554
       1.338779
       1.341012
       1.343253
       1.345502
       1.347759
       1.350023
       1.352295
       1.354575
       1.356862
       1.359157
       1.361459
       1.363769
       1.366086
       1.368411
       1.370743
       1.373083
       1.375429
       1.377783
       1.380144
       1.382512
       1.384887
       1.387269
       1.389658
       1.392054
       1.394457
       1.396867
       1.399283
       1.401706
       1.404135
       1.406572
       1.409014
       1.411463
       1.413919
       1.416381
       1.418849
       1.421323
       1.423804
        1.42629
       1.428783
       1.431281
       1.433786
       1.436296
       1.438812
       1.441333
       1.443861
       1.446393
       1.448932
       1.451475
       1.454024
       1.456579
       1.459138
       1.461703
       1.464272
       1.466847
       1.469426
        1.47201
       1.474599
       1.477193
       1.479791
       1.482394
       1.485001
       1.487612
       1.490228
       1.492848
       1.495472
         1.4981
       1.500732
       1.503368
       1.506007
        1.50865
       1.511297
       1.513947
       1.516601
       1.519258
       1.521918
       1.524582
       1.527248
       1.529917
        1.53259
       1.535265
       1.537942
       1.540622
       1.543305
        1.54599
       1.548678
       1.551367
       1.554059
       1.556753
       1.559448
       1.562146
       1.564845
       1.567546
       1.570248
       1.572952
       1.575657
       1.578363
        1.58107
       1.583778
       1.586487
       1.589197
       1.591908
       1.594619
       1.597331
       1.600043
       1.602755
       1.605468
        1.60818
       1.610893
       1.613605
       1.616317
       1.619028
        1.62174
        1.62445
        1.62716
       1.629869
       1.632577
       1.635283
       1.637989
       1.640694
       1.643397
       1.646098
       1.648798
       1.651496
       1.654192
       1.656886
       1.659579
       1.662269
       1.664956
       1.667641
       1.670324
       1.673004
       1.675681
       1.678355
       1.681026
       1.683694
       1.686359
       1.689021
       1.691678
       1.694333
       1.696983
        1.69963
       1.702272
       1.704911
       1.707545
       1.710175
         1.7128
       1.715421
       1.718037
       1.720648
       1.723254
       1.725855
       1.728451
       1.731042
       1.733627
       1.736207
        1.73878
       1.741348
       1.743911
       1.746467
       1.749016
        1.75156
       1.754097
       1.756627
       1.759151
       1.761668
       1.764178
       1.766681
       1.769177
       1.771665
       1.774146
        1.77662
       1.779085
       1.781543
       1.783993
       1.786435
       1.788869
       1.791295
       1.793712
        1.79612
        1.79852
       1.800911
       1.803294
       1.805667
       1.808031
       1.810386
       1.812731
       1.815067
       1.817393
        1.81971
       1.822016
       1.824313
       1.826599
       1.828876
       1.831141
       1.833397
       1.835642
       1.837876
       1.840099
       1.842311
       1.844513
       1.846703
       1.848882
       1.851049
       1.853205
       1.855349
       1.857482
       1.859602
       1.861711
       1.863807
       1.865891
       1.867963
       1.870023
        1.87207
       1.874104
       1.876126
       1.878134
        1.88013
       1.882112
       1.884082
       1.886038
        1.88798
       1.889909
       1.891824
       1.893726
       1.895614
       1.897487
       1.899347
       1.901193
       1.903024
       1.904841
       1.906643
       1.908431
       1.910204
       1.911962
       1.913706
       1.915434
       1.917148
       1.918846
       1.920529
       1.922197
       1.923849
       1.925486
       1.927107
       1.928712
       1.930301
       1.931875
       1.933432
       1.934974
       1.936499
       1.938008
         1.9395
       1.940977
       1.942436
       1.943879
       1.945305
       1.946715
       1.948108
       1.949483
       1.950842
       1.952184
       1.953508
       1.954815
       1.956105
       1.957378
       1.958632
        1.95987
        1.96109
       1.962292
       1.963476
       1.964642
       1.965791
       1.966922
       1.968034
       1.969129
       1.970205
       1.971263
       1.972303
       1.973324
       1.974327
       1.975312
       1.976278
       1.977225
       1.978154
       1.979064
       1.979955
       1.980828
       1.981681
       1.982516
       1.983332
       1.984129
       1.984907
       1.985665
       1.986405
       1.987125
       1.987826
       1.988508
        1.98917
       1.989813
       1.990437
       1.991041
       1.991626
       1.992192
       1.992738
       1.993264
        1.99377
       1.994257
       1.994725
       1.995172
         1.9956
       1.996009
       1.996397
       1.996766
       1.997115
       1.997444
       1.997753
       1.998042
       1.998312
       1.998561
       1.998791
       1.999001
       1.999191
        1.99936
        1.99951
        1.99964
        1.99975
        1.99984
        1.99991
        1.99996
        1.99999
              2
        1.99999
        1.99996
        1.99991
        1.99984
        1.99975
        1.99964
        1.99951
        1.99936
        1.99919
          1.999
        1.99879
        1.99856
       1.998311
       1.998041
       1.997752
       1.997443
       1.997113
       1.996764
       1.996396
       1.996007
       1.995599
       1.995171
       1.994723
       1.994256
       1.993768
       1.993262
       1.992735
       1.992189
       1.991624
       1.991039
       1.990435
       1.989811
       1.989168
       1.988505
       1.987823
       1.987122
       1.986402
       1.985662
       1.984904
       1.984126
       1.983329
       1.982513
       1.981678
       1.980824
       1.979952
        1.97906
        1.97815
       1.977221
       1.976274
       1.975308
       1.974323
        1.97332
       1.972299
       1.971259
       1.970201
       1.969124
        1.96803
       1.966917
       1.965787
       1.964638
       1.963471
       1.962287
       1.961085
       1.959865
       1.958628
       1.957373
         1.9561
        1.95481
       1.953503
       1.952179
       1.950837
       1.949478
       1.948102
        1.94671
         1.9453
       1.943874
       1.942431
       1.940971
       1.939495
       1.938002
       1.936493
       1.934968
       1.933426
       1.931869
       1.930295
       1.928706
         1.9271
       1.925479
       1.923843
       1.922191
       1.920523
        1.91884
       1.917141
       1.915428
       1.913699
       1.911956
       1.910197
       1.908424
       1.906636
       1.904834
       1.903017
       1.901186
        1.89934
        1.89748
       1.895607
       1.893719
       1.891817
       1.889902
       1.887973
        1.88603
       1.884074
       1.882105
       1.880123
       1.878127
       1.876118
       1.874097
       1.872062
       1.870015
       1.867956
       1.865884
         1.8638
       1.861703
       1.859595
       1.857474
       1.855341
       1.853197
       1.851041
       1.848874
       1.846695
       1.844505
       1.842304
       1.840091
       1.837868
       1.835634
       1.833389
       1.831134
       1.828868
       1.826591
       1.824305
       1.822008
       1.819702
       1.817385
       1.815059
       1.812723
       1.810378
       1.808023
       1.805659
       1.803286
       1.800903
       1.798512
       1.796112
       1.793704
       1.791287
       1.788861
       1.786427
       1.783985
       1.781535
       1.779077
       1.776611
       1.774138
       1.771657
       1.769168
       1.766673
        1.76417
        1.76166
       1.759143
       1.756619
       1.754089
       1.751552
       1.749008
       1.746458
       1.743902
        1.74134
       1.738772
       1.736198
       1.733619
       1.731034
       1.728443
       1.725847
       1.723246
        1.72064
       1.718029
       1.715413
       1.712792
       1.710167
       1.707537
       1.704903
       1.702264
       1.699622
       1.696975
       1.694325
        1.69167
       1.689013
       1.686351
       1.683687
       1.681019
       1.678347
       1.675673
       1.672996
       1.670316
       1.667634
       1.664948
       1.662261
       1.659571
       1.656879
       1.654184
       1.651488
        1.64879
        1.64609
       1.643389
       1.640686
       1.637982
       1.635276
       1.632569
       1.629861
       1.627152
       1.624443
       1.621732
       1.619021
        1.61631
       1.613598
       1.610885
       1.608173
       1.605461
       1.602748
       1.600036
       1.597324
       1.594612
       1.591901
        1.58919
        1.58648
       1.583771
       1.581063
       1.578356
        1.57565
       1.572945
       1.570241
       1.567539
       1.564838
       1.562139
       1.559442
       1.556746
       1.554053
       1.551361
       1.548671
       1.545984
       1.543299
       1.540616
       1.537936
       1.535258
       1.532583
       1.529911
       1.527242
       1.524576
       1.521912
       1.519252
       1.516595
       1.513942
       1.511291
       1.508645
       1.506002
       1.503362
       1.500726
       1.498094
       1.495466
       1.492843
       1.490223
       1.487607
       1.484996
       1.482389
       1.479786
       1.477188
       1.474594
       1.472005
       1.469421
       1.466842
       1.464267
       1.461698
       1.459133
       1.456574
       1.454019
       1.451471
       1.448927
       1.446389
       1.443856
       1.441329
       1.438807
       1.436291
       1.433781
       1.431277
       1.428778
       1.426286
       1.423799
       1.421319
       1.418845
       1.416377
       1.413915
       1.411459
        1.40901
       1.406568
       1.404132
       1.401702
       1.399279
       1.396863
       1.394453
       1.392051
       1.389655
       1.387266
       1.384884
       1.382509
       1.380141
        1.37778
       1.375426
       1.373079
        1.37074
       1.368408
       1.366083
       1.363766
       1.361456
       1.359154
       1.356859
       1.354572
       1.352292
        1.35002
       1.347756
         1.3455
       1.343251
        1.34101
       1.338777
       1.336552
       1.334334
       1.332125
       1.329924
       1.327731
       1.325545
       1.323368
       1.321199
       1.319039
       1.316886
       1.314742
       1.312606
       1.310478
       1.308358
       1.306247
       1.304144
        1.30205
       1.299964
       1.297887
       1.295818
       1.293757
       1.291705
       1.289661
       1.287627
         1.2856
       1.283583
       1.281573
       1.279573
       1.277581
       1.275598
       1.273624
       1.271658
       1.269701
       1.267753
       1.265813
       1.263882
       1.261961
       1.260047
       1.258143
       1.256248
       1.254361
       1.252483
       1.250614
       1.248754
       1.246903
        1.24506
       1.243227
       1.241402
       1.239587
        1.23778
       1.235982
       1.234193
       1.232413
       1.230642
       1.228879
       1.227126
       1.225382
       1.223646
        1.22192
       1.220202
       1.218493
       1.216794
       1.215103
       1.213421
       1.211748
       1.210084
       1.208429
       1.206782
       1.205145
       1.203516
       1.201897
       1.200286
       1.198684
       1.197091
       1.195507
       1.193932
       1.192365
       1.190808
       1.189259
       1.187719
       1.186188
       1.184666
       1.183152
       1.181647
       1.180151
       1.178664
       1.177186
       1.175716
       1.174255
       1.172802
       1.171359
       1.169924
       1.168497
       1.167079
        1.16567
        1.16427
       1.162878
       1.161494
       1.160119
       1.158753
       1.157395
       1.156046
       1.154705
       1.153373
       1.152049
       1.150733
       1.149426
       1.148127
       1.146837
       1.145555
       1.144281
       1.143015
       1.141758
       1.140509
       1.139268
       1.138035
       1.136811
       1.135595
       1.134387
       1.133187
       1.131995
       1.130811
       1.129636
       1.128468
       1.127308
       1.126155
       1.125011
       1.123873
       1.122744
       1.121623
        1.12051
       1.119406
       1.118311
       1.117225
       1.116148
       1.115078
       1.114016
       1.112958
       1.111905
       1.110854
       1.109806
       1.108762
       1.107723
       1.106693
       1.105676
       1.104676
       1.103698
       1.102745
       1.101815
       1.100906
       1.100011
       1.099121
       1.098224
       1.097306
       1.096355
       1.095362
       1.094321
       1.093234
       1.092109
       1.090961
       1.089812
       1.088689
       1.087622
       1.086642
       1.085777
       1.085053
       1.084488
       1.084095
       1.083879
       1.083836
       1.083959
