             10
              1
              1
              1
              1
              1
              1
              1
              1
              1
              1
              1
              1
              1
              1
              1
              1
              1
              1
              1
              1
              1
              1
              1
              1
              1
              1
              1
              1
              1
              1
              1
              1
              1
              1
              1
              1
              1
              1
              1
              1
              1
              1
              1
              1
              1
              1
              1
              1
              1
              1
              1
              1
              1
              1
              1
              1
              1
              1
              1
              1
              1
              1
              1
              1
              1
              1
              1
              1
              1
              1
              1
              1
              1
              1
              1
              1
              1
              1
              1
              1
              1
              1
              1
              1
              1
              1
              1
              1
              1
              1
              1
              1
              1
              1
              1
              1
              1
              1
              1
              1
              1
              1
              1
              1
              1
              1
              1
              1
              1
              1
              1
              1
              1
              1
              1
              1
              1
              1
              1
              1
              1
              1
              1
              1
              1
              1
              1
              1
              1
              1
              1
              1
              1
              1
              1
              1
              1
              1
              1
              1
              1
              1
              1
              1
              1
              1
              1
              1
              1
              1
              1
              1
              1
              1
              1
              1
              1
              1
              1
              1
              1
              1
              1
              1
              1
              1
              1
              1
              1
              1
              1
              1
              1
              1
              1
              1
              1
              1
              1
              1
              1
              1
              1
              1
              1
              1
              1
              1
              1
              1
              1
              1
              1
              1
              1
              1
              1
              1
              1
              1
              1
      0.9999999
      0.9999998
      0.9999997
      0.9999996
      0.9999996
      0.9999998
              1
       1.000001
       1.000001
       1.000001
       1.000002
       1.000001
       1.000001
      0.9999992
      0.9999973
      0.9999954
      0.9999939
      0.9999935
      0.9999948
      0.9999983
       1.000004
       1.000011
       1.000018
       1.000024
       1.000025
        1.00002
       1.000008
      0.9999877
      0.9999623
      0.9999358
      0.9999145
       0.999906
      0.9999176
      0.9999545
       1.000018
       1.000102
       1.000197
       1.000282
       1.000336
       1.000333
       1.000254
       1.000088
      0.9998386
      0.9995314
      0.9992105
      0.9989384
      0.9987881
      0.9988318
      0.9991261
      0.9996966
       1.000524
       1.001533
       1.002594
       1.003529
        1.00413
       1.004188
        1.00353
       1.002057
      0.9997774
      0.9968339
      0.9935115
      0.9902269
      0.9874948
      0.9858727
       0.985889
      0.9879617
      0.9923176
      0.9989246
       1.007446
       1.017231
       1.027335
       1.036594
       1.043718
       1.047428
       1.046595
       1.040384
       1.028382
       1.010691
      0.9879758
      0.9614597
      0.9328701
      0.9043293
      0.8782067
      0.8569445
      0.8428726
      0.8380317
      0.8440197
      0.8618752
      0.8920081
      0.9341808
      0.9875391
       1.050689
       1.121808
       1.198779
       1.279338
       1.361213
       1.442258
       1.520561
       1.594518
       1.662889
       1.724811
       1.779794
       1.827688
       1.868634
       1.903008
        1.93136
        1.95435
       1.972695
        1.98712
        1.99832
       2.006937
       2.013535
         2.0186
       2.022531
       2.025651
       2.028209
       2.030392
       2.032336
       2.034138
        2.03586
       2.037543
       2.039211
       2.040879
       2.042551
        2.04423
       2.045916
       2.047607
       2.049302
       2.050999
       2.052698
       2.054398
       2.056099
       2.057799
       2.059499
         2.0612
         2.0629
         2.0646
         2.0663
          2.068
         2.0697
         2.0714
         2.0731
         2.0748
         2.0765
         2.0782
         2.0799
         2.0816
         2.0833
          2.085
         2.0867
         2.0884
         2.0901
         2.0918
         2.0935
         2.0952
         2.0969
         2.0986
         2.1003
          2.102
         2.1037
         2.1054
         2.1071
         2.1088
         2.1105
         2.1122
         2.1139
         2.1156
         2.1173
          2.119
         2.1207
         2.1224
         2.1241
         2.1258
         2.1275
         2.1292
         2.1309
         2.1326
         2.1343
          2.136
         2.1377
         2.1394
         2.1411
         2.1428
         2.1445
         2.1462
         2.1479
         2.1496
         2.1513
          2.153
         2.1547
         2.1564
         2.1581
         2.1598
         2.1615
         2.1632
         2.1649
         2.1666
         2.1683
           2.17
         2.1717
         2.1734
         2.1751
         2.1768
         2.1785
         2.1802
         2.1819
         2.1836
         2.1853
          2.187
         2.1887
         2.1904
         2.1921
         2.1938
         2.1955
         2.1972
         2.1989
         2.2006
         2.2023
          2.204
         2.2057
         2.2074
         2.2091
         2.2108
         2.2125
         2.2142
         2.2159
         2.2176
         2.2193
          2.221
         2.2227
         2.2244
         2.2261
         2.2278
         2.2295
         2.2312
         2.2329
         2.2346
         2.2363
          2.238
         2.2397
         2.2414
         2.2431
         2.2448
         2.2465
         2.2482
         2.2499
         2.2516
         2.2533
          2.255
         2.2567
         2.2584
         2.2601
         2.2618
         2.2635
         2.2652
         2.2669
         2.2686
         2.2703
          2.272
         2.2737
         2.2754
         2.2771
         2.2788
         2.2805
         2.2822
         2.2839
         2.2856
         2.2873
          2.289
         2.2907
         2.2924
         2.2941
         2.2958
         2.2975
         2.2992
         2.3009
         2.3026
         2.3043
          2.306
         2.3077
         2.3094
         2.3111
         2.3128
         2.3145
         2.3162
         2.3179
         2.3196
         2.3213
          2.323
         2.3247
         2.3264
         2.3281
         2.3298
         2.3315
         2.3332
         2.3349
         2.3366
         2.3383
           2.34
         2.3417
         2.3434
         2.3451
       2.346801
       2.348501
       2.350201
         2.3519
         2.3536
       2.355299
       2.356998
       2.358698
       2.360397
       2.362098
       2.363799
       2.365501
       2.367204
       2.368907
       2.370609
        2.37231
       2.374008
       2.375703
       2.377394
       2.379083
       2.380773
       2.382464
       2.384162
        2.38587
       2.387588
       2.389319
       2.391057
       2.392797
       2.394529
       2.396242
       2.397924
       2.399568
       2.401173
       2.402745
       2.404303
       2.405874
       2.407493
       2.409197
       2.411017
       2.412969
       2.415045
       2.417208
       2.419392
       2.421502
       2.423428
       2.425061
       2.426316
       2.427154
       2.427606
       2.427783
       2.427882
       2.428174
       2.428971
       2.430587
       2.433283
       2.437209
       2.442351
       2.448493
       2.455204
       2.461855
        2.46767
       2.471807
        2.47347
        2.47203
       2.467146
       2.458869
       2.447707
       2.434648
       2.421114
       2.408865
       2.399845
       2.395984
       2.398983
       2.410096
       2.429943
       2.458365
       2.494354
        2.53606
       2.580872
       2.625586
       2.666625
       2.700308
        2.72312
       2.731991
       2.724515
       2.699134
       2.655241
       2.593205
       2.514325
       2.420713
       2.315131
       2.200777
       2.081077
       1.959459
       1.839163
       1.723076
       1.613614
       1.512646
       1.421467
       1.340813
       1.270905
       1.211522
        1.16209
       1.121775
       1.089576
       1.064405
       1.045165
       1.030801
       1.020346
       1.012942
       1.007857
       1.004484
       1.002339
       1.001043
       1.000314
      0.9999445
      0.9997916
      0.9997586
      0.9997841
      0.9998315
      0.9998809
       0.999923
      0.9999548
      0.9999765
      0.9999901
      0.9999977
       1.000001
       1.000003
       1.000003
       1.000002
       1.000001
       1.000001
              1
              1
              1
              1
      0.9999999
      0.9999999
              1
              1
              1
              1
              1
              1
              1
              1
              1
              1
              1
              1
              1
              1
              1
              1
              1
              1
              1
              1
              1
              1
              1
              1
              1
              1
              1
              1
              1
              1
              1
              1
              1
              1
              1
              1
              1
              1
              1
              1
              1
              1
              1
              1
              1
              1
              1
              1
              1
              1
              1
              1
              1
              1
              1
              1
              1
              1
              1
              1
              1
              1
              1
              1
              1
              1
              1
              1
              1
              1
              1
              1
              1
              1
              1
              1
              1
              1
              1
              1
              1
              1
              1
              1
              1
              1
              1
              1
              1
              1
              1
              1
              1
              1
              1
              1
              1
              1
              1
              1
              1
              1
              1
              1
              1
              1
              1
              1
              1
              1
              1
              1
              1
              1
              1
              1
              1
              1
              1
              1
              1
              1
              1
              1
              1
              1
              1
              1
              1
              1
              1
              1
              1
              1
              1
              1
              1
              1
              1
              1
              1
              1
              1
              1
              1
              1
              1
              1
              1
              1
              1
              1
              1
              1
              1
              1
              1
              1
              1
              1
              1
              1
              1
              1
              1
              1
              1
              1
              1
              1
              1
              1
              1
              1
              1
              1
              1
              1
              1
              1
              1
              1
              1
              1
              1
              1
              1
              1
              1
              1
              1
              1
              1
              1
              1
              1
              1
              1
              1
              1
              1
              1
              1
              1
              1
              1
              1
              1
              1
              1
              1
              1
              1
              1
              1
              1
              1
              1
              1
              1
              1
              1
              1
              1
              1
              1
              1
              1
              1
              1
              1
              1
              1
              1
              1
              1
              1
              1
              1
              1
              1
              1
              1
              1
              1
              1
              1
              1
              1
              1
              1
              1
              1
              1
              1
              1
              1
              1
              1
              1
              1
              1
              1
              1
              1
              1
              1
              1
              1
              1
              1
              1
              1
              1
              1
              1
              1
              1
              1
              1
              1
              1
              1
              1
              1
              1
              1
              1
              1
              1
              1
              1
              1
              1
              1
              1
              1
              1
              1
              1
              1
              1
              1
              1
              1
              1
              1
              1
              1
              1
              1
              1
              1
              1
              1
              1
              1
              1
              1
              1
              1
              1
              1
              1
              1
              1
              1
              1
              1
              1
              1
              1
              1
              1
              1
              1
              1
              1
              1
              1
              1
              1
              1
              1
              1
              1
              1
              1
              1
              1
              1
              1
              1
              1
              1
              1
              1
              1
              1
