             10
              1
              1
              1
              1
              1
              1
              1
              1
              1
              1
              1
              1
              1
              1
              1
              1
              1
              1
              1
              1
              1
              1
              1
              1
              1
              1
              1
              1
              1
              1
              1
              1
              1
              1
              1
              1
              1
              1
              1
              1
              1
              1
              1
              1
              1
              1
              1
              1
              1
              1
              1
              1
              1
              1
              1
              1
              1
              1
              1
              1
              1
              1
              1
              1
              1
              1
              1
              1
              1
              1
              1
              1
              1
              1
              1
              1
              1
              1
              1
              1
              1
              1
              1
              1
              1
              1
              1
              1
              1
              1
              1
              1
              1
              1
              1
              1
              1
              1
              1
              1
              1
              1
              1
              1
              1
              1
              1
              1
              1
              1
              1
              1
              1
              1
              1
              1
              1
              1
              1
              1
              1
              1
              1
              1
              1
              1
              1
              1
              1
              1
              1
              1
              1
              1
              1
              1
              1
              1
              1
              1
              1
              1
       1.000001
       1.000001
       1.000001
       1.000001
       1.000001
       1.000001
       1.000001
       1.000002
       1.000002
       1.000002
       1.000002
       1.000003
       1.000003
       1.000004
       1.000004
       1.000005
       1.000006
       1.000006
       1.000007
       1.000008
        1.00001
       1.000011
       1.000013
       1.000015
       1.000017
       1.000019
       1.000022
       1.000025
       1.000028
       1.000032
       1.000036
       1.000041
       1.000047
       1.000053
       1.000061
       1.000069
       1.000078
       1.000088
       1.000099
       1.000112
       1.000126
       1.000142
        1.00016
        1.00018
       1.000203
       1.000228
       1.000255
       1.000286
       1.000321
       1.000359
       1.000401
       1.000449
       1.000501
       1.000559
       1.000622
       1.000693
       1.000771
       1.000857
       1.000952
       1.001056
       1.001171
       1.001297
       1.001435
       1.001587
       1.001754
       1.001936
       1.002135
       1.002353
       1.002591
       1.002851
       1.003133
       1.003441
       1.003776
        1.00414
       1.004535
       1.004964
       1.005429
       1.005932
       1.006476
       1.007064
       1.007699
       1.008384
       1.009122
       1.009916
       1.010771
       1.011689
       1.012676
       1.013733
       1.014867
        1.01608
       1.017378
       1.018765
       1.020245
       1.021825
       1.023507
       1.025299
       1.027204
       1.029228
       1.031377
       1.033655
        1.03607
       1.038625
       1.041328
       1.044183
       1.047197
       1.050375
       1.053723
       1.057247
       1.060952
       1.064845
       1.068929
       1.073212
       1.077699
       1.082394
       1.087302
       1.092429
       1.097779
       1.103356
       1.109165
       1.115208
       1.121491
       1.128016
       1.134785
       1.141802
       1.149068
       1.156584
       1.164353
       1.172376
       1.180651
       1.189179
        1.19796
       1.206992
       1.216273
       1.225801
       1.235574
       1.245588
       1.255839
       1.266323
       1.277034
       1.287967
       1.299117
       1.310476
       1.322037
       1.333793
       1.345736
       1.357856
       1.370145
       1.382593
       1.395191
       1.407927
       1.420791
       1.433773
        1.44686
       1.460041
       1.473305
       1.486638
       1.500029
       1.513465
       1.526935
       1.540424
       1.553921
       1.567413
       1.580887
       1.594331
       1.607733
        1.62108
        1.63436
       1.647562
       1.660673
       1.673684
       1.686583
       1.699359
       1.712002
       1.724503
       1.736852
        1.74904
        1.76106
       1.772902
        1.78456
       1.796027
       1.807297
       1.818363
       1.829221
       1.839865
       1.850292
       1.860499
       1.870481
       1.880237
       1.889764
       1.899062
       1.908128
       1.916963
       1.925567
       1.933941
       1.942084
           1.95
       1.957689
       1.965153
       1.972396
       1.979421
       1.986229
       1.992827
       1.999216
       2.005401
       2.011387
       2.017178
       2.022779
       2.028195
        2.03343
       2.038491
       2.043382
       2.048109
       2.052677
       2.057092
       2.061359
       2.065484
       2.069472
       2.073328
       2.077059
       2.080668
       2.084163
       2.087547
       2.090826
       2.094005
       2.097089
       2.100082
       2.102989
       2.105815
       2.108564
       2.111241
       2.113849
       2.116391
       2.118873
       2.121298
       2.123669
       2.125989
       2.128262
       2.130491
       2.132678
       2.134827
        2.13694
       2.139019
       2.141067
       2.143086
       2.145079
       2.147046
        2.14899
       2.150913
       2.152817
       2.154702
       2.156571
       2.158424
       2.160263
       2.162089
       2.163904
       2.165707
       2.167501
       2.169285
       2.171061
        2.17283
       2.174592
       2.176347
       2.178097
       2.179842
       2.181582
       2.183318
        2.18505
       2.186779
       2.188504
       2.190227
       2.191948
       2.193666
       2.195382
       2.197096
       2.198809
        2.20052
        2.20223
       2.203938
       2.205646
       2.207353
       2.209059
       2.210764
       2.212469
       2.214173
       2.215876
       2.217579
       2.219282
       2.220984
       2.222686
       2.224388
        2.22609
       2.227791
       2.229492
       2.231193
       2.232894
       2.234595
       2.236296
       2.237996
       2.239696
       2.241397
       2.243097
       2.244797
       2.246497
       2.248197
       2.249897
       2.251597
       2.253297
       2.254997
       2.256697
       2.258396
       2.260096
       2.261796
       2.263495
       2.265194
       2.266894
       2.268593
       2.270292
        2.27199
       2.273689
       2.275387
       2.277085
       2.278783
       2.280481
       2.282178
       2.283875
       2.285571
       2.287267
       2.288963
       2.290658
       2.292352
       2.294045
       2.295738
       2.297429
        2.29912
       2.300809
       2.302497
       2.304183
       2.305868
       2.307551
       2.309232
        2.31091
       2.312586
       2.314259
       2.315929
       2.317595
       2.319258
       2.320916
        2.32257
       2.324218
       2.325861
       2.327497
       2.329126
       2.330748
       2.332361
       2.333965
       2.335559
       2.337142
       2.338713
       2.340271
       2.341814
       2.343342
       2.344852
       2.346345
       2.347817
       2.349267
       2.350693
       2.352094
       2.353467
        2.35481
       2.356121
       2.357396
       2.358634
       2.359832
       2.360986
       2.362093
        2.36315
       2.364153
       2.365098
       2.365982
         2.3668
       2.367548
       2.368221
       2.368814
       2.369323
       2.369741
       2.370064
       2.370286
       2.370401
       2.370402
       2.370283
       2.370038
        2.36966
       2.369141
       2.368475
       2.367655
       2.366671
       2.365518
       2.364186
       2.362668
       2.360956
        2.35904
       2.356914
       2.354568
       2.351994
       2.349183
       2.346127
       2.342817
       2.339244
       2.335401
       2.331279
       2.326869
       2.322163
       2.317155
       2.311835
       2.306197
       2.300234
       2.293938
       2.287304
       2.280325
       2.272996
       2.265312
       2.257268
        2.24886
       2.240084
       2.230938
       2.221419
       2.211527
       2.201258
       2.190615
       2.179596
       2.168204
        2.15644
       2.144307
       2.131809
        2.11895
       2.105735
       2.092171
       2.078264
       2.064022
       2.049454
       2.034568
       2.019376
       2.003888
       1.988116
       1.972072
        1.95577
       1.939223
       1.922445
       1.905453
       1.888262
       1.870887
       1.853347
       1.835657
       1.817837
       1.799903
       1.781874
       1.763769
       1.745607
       1.727406
       1.709186
       1.690965
       1.672762
       1.654597
       1.636489
       1.618455
       1.600515
       1.582685
       1.564985
       1.547431
       1.530041
       1.512829
       1.495813
       1.479007
       1.462427
       1.446085
       1.429995
        1.41417
       1.398621
       1.383359
       1.368395
       1.353738
       1.339396
       1.325377
       1.311689
       1.298336
       1.285324
       1.272659
       1.260342
       1.248378
       1.236767
       1.225512
       1.214612
       1.204068
       1.193878
        1.18404
       1.174553
       1.165413
       1.156617
       1.148161
        1.14004
       1.132248
       1.124781
       1.117632
       1.110794
       1.104262
       1.098027
       1.092083
       1.086422
       1.081036
       1.075917
       1.071057
       1.066448
        1.06208
       1.057947
        1.05404
       1.050349
       1.046867
       1.043586
       1.040496
       1.037591
       1.034861
       1.032299
       1.029897
       1.027648
       1.025543
       1.023577
       1.021741
       1.020029
       1.018434
        1.01695
        1.01557
       1.014289
       1.013101
          1.012
        1.01098
       1.010038
       1.009167
       1.008364
       1.007624
       1.006942
       1.006315
       1.005739
        1.00521
       1.004726
       1.004282
       1.003876
       1.003505
       1.003166
       1.002858
       1.002576
        1.00232
       1.002088
       1.001877
       1.001685
       1.001512
       1.001355
       1.001213
       1.001084
       1.000969
       1.000865
       1.000771
       1.000687
       1.000611
       1.000543
       1.000482
       1.000428
       1.000379
       1.000335
       1.000297
       1.000262
       1.000231
       1.000204
       1.000179
       1.000158
       1.000139
       1.000122
       1.000107
       1.000093
       1.000082
       1.000071
       1.000062
       1.000054
       1.000047
       1.000041
       1.000036
       1.000031
       1.000027
       1.000023
        1.00002
       1.000018
       1.000015
       1.000013
       1.000011
        1.00001
       1.000008
       1.000007
       1.000006
       1.000005
       1.000005
       1.000004
       1.000003
       1.000003
       1.000002
       1.000002
       1.000002
       1.000001
       1.000001
       1.000001
       1.000001
       1.000001
       1.000001
       1.000001
              1
              1
              1
              1
              1
              1
              1
              1
              1
              1
              1
              1
              1
              1
              1
              1
              1
              1
              1
              1
              1
              1
              1
              1
              1
              1
              1
              1
              1
              1
              1
              1
              1
              1
              1
              1
              1
              1
              1
              1
              1
              1
              1
              1
              1
              1
              1
              1
              1
              1
              1
              1
              1
              1
              1
              1
              1
              1
              1
              1
              1
              1
              1
              1
              1
              1
              1
              1
              1
              1
              1
              1
              1
              1
              1
              1
              1
              1
              1
              1
              1
              1
              1
              1
              1
              1
              1
              1
              1
              1
              1
              1
              1
              1
              1
              1
              1
              1
              1
              1
              1
              1
              1
              1
              1
              1
              1
              1
              1
              1
              1
              1
              1
              1
              1
              1
              1
              1
              1
              1
              1
              1
              1
              1
              1
              1
              1
              1
              1
              1
              1
              1
              1
              1
              1
              1
              1
              1
              1
              1
              1
              1
              1
              1
              1
              1
              1
              1
              1
              1
              1
              1
              1
              1
              1
              1
              1
              1
              1
              1
              1
              1
              1
              1
              1
              1
              1
              1
              1
              1
              1
              1
              1
              1
              1
              1
              1
              1
              1
              1
              1
              1
              1
              1
              1
              1
              1
              1
              1
              1
              1
              1
              1
              1
              1
              1
              1
              1
              1
              1
              1
              1
              1
              1
              1
              1
              1
              1
              1
              1
              1
              1
              1
              1
              1
              1
              1
              1
              1
              1
              1
              1
              1
              1
              1
              1
              1
              1
              1
              1
              1
              1
              1
              1
              1
              1
              1
              1
              1
              1
              1
              1
              1
              1
              1
              1
