              2
              1
              1
              1
              1
              1
              1
              1
              1
              1
              1
              1
              1
              1
              1
              1
              1
              1
              1
              1
              1
              1
              1
              1
              1
              1
              1
              1
              1
              1
              1
              1
              1
              1
              1
              1
              1
              1
              1
              1
              1
              1
              1
              1
              1
              1
              1
              1
              1
              1
              1
              1
              1
              1
              1
              1
              1
              1
              1
              1
              1
              1
              1
              1
              1
              1
              1
              1
              1
              1
              1
              1
              1
              1
              1
              1
              1
              1
              1
              1
              1
              1
              1
              1
              1
              1
              1
              1
              1
              1
              1
              1
              1
              1
              1
              1
              1
              1
              1
              1
              1
              1
              1
              1
              1
              1
              1
              1
              1
              1
              1
              1
              1
              1
              1
              1
              1
              1
              1
              1
              1
              1
              1
              1
              1
              1
              1
              1
              1
              1
              1
              1
              1
              1
              1
              1
              1
              1
              1
              1
              1
              1
              1
              1
              1
              1
              1
              1
              1
              1
              1
              1
              1
              1
              1
              1
              1
              1
              1
              1
              1
              1
              1
              1
              1
              1
              1
              1
              1
              1
              1
              1
              1
              1
              1
              1
              1
              1
              1
              1
              1
              1
              1
              1
              1
              1
              1
              1
              1
              1
              1
              1
              1
              1
              1
              1
              1
              1
              1
              1
              1
              1
              1
              1
              1
              1
              1
              1
              1
              1
              1
              1
              1
              1
              1
              1
              1
              1
              1
              1
              1
              1
              1
              1
              1
              1
              1
              1
              1
       1.000001
       1.000001
       1.000001
       1.000002
       1.000002
       1.000003
       1.000004
       1.000006
       1.000008
        1.00001
       1.000014
       1.000018
       1.000024
       1.000032
       1.000042
       1.000055
       1.000073
       1.000095
       1.000123
       1.000159
       1.000205
       1.000263
       1.000336
       1.000428
       1.000543
       1.000687
       1.000864
       1.001084
       1.001354
       1.001684
       1.002087
       1.002576
       1.003166
       1.003878
        1.00473
       1.005746
       1.006954
       1.008383
       1.010065
       1.012038
        1.01434
       1.017016
       1.020112
       1.023679
       1.027768
       1.032437
       1.037742
       1.043745
       1.050506
       1.058086
       1.066546
       1.075944
       1.086338
        1.09778
       1.110317
       1.123992
       1.138837
       1.154879
       1.172133
       1.190603
       1.210283
       1.231154
       1.253182
       1.276322
       1.300514
       1.325687
       1.351755
        1.37862
       1.406174
       1.434299
       1.462868
        1.49175
       1.520805
       1.549894
       1.578875
       1.607611
       1.635964
       1.663804
        1.69101
       1.717467
       1.743073
       1.767736
       1.791379
       1.813938
       1.835361
       1.855612
       1.874668
       1.892521
       1.909173
        1.92464
       1.938948
       1.952131
       1.964235
       1.975308
       1.985408
       1.994593
       2.002927
       2.010475
         2.0173
       2.023467
       2.029039
       2.034076
       2.038636
       2.042773
       2.046538
       2.049977
       2.053134
       2.056047
       2.058752
       2.061279
       2.063655
       2.065906
       2.068051
       2.070108
       2.072094
       2.074021
       2.075901
       2.077741
       2.079551
       2.081336
       2.083101
       2.084851
        2.08659
       2.088318
        2.09004
       2.091756
       2.093468
       2.095177
       2.096884
       2.098588
       2.100292
       2.101994
       2.103696
       2.105397
       2.107098
       2.108799
       2.110499
       2.112199
         2.1139
         2.1156
         2.1173
          2.119
         2.1207
         2.1224
         2.1241
         2.1258
         2.1275
         2.1292
         2.1309
         2.1326
         2.1343
          2.136
         2.1377
         2.1394
         2.1411
         2.1428
         2.1445
         2.1462
         2.1479
         2.1496
         2.1513
          2.153
         2.1547
         2.1564
         2.1581
         2.1598
         2.1615
         2.1632
         2.1649
         2.1666
         2.1683
           2.17
         2.1717
         2.1734
         2.1751
         2.1768
         2.1785
         2.1802
         2.1819
         2.1836
         2.1853
          2.187
         2.1887
         2.1904
         2.1921
         2.1938
         2.1955
         2.1972
         2.1989
         2.2006
         2.2023
          2.204
         2.2057
         2.2074
         2.2091
         2.2108
         2.2125
         2.2142
         2.2159
         2.2176
         2.2193
          2.221
         2.2227
         2.2244
         2.2261
         2.2278
         2.2295
         2.2312
         2.2329
         2.2346
         2.2363
          2.238
         2.2397
         2.2414
         2.2431
         2.2448
         2.2465
         2.2482
         2.2499
         2.2516
         2.2533
          2.255
         2.2567
         2.2584
         2.2601
         2.2618
         2.2635
         2.2652
         2.2669
         2.2686
         2.2703
          2.272
         2.2737
         2.2754
         2.2771
         2.2788
         2.2805
         2.2822
         2.2839
         2.2856
         2.2873
          2.289
         2.2907
         2.2924
         2.2941
         2.2958
         2.2975
         2.2992
         2.3009
         2.3026
         2.3043
          2.306
         2.3077
         2.3094
         2.3111
         2.3128
         2.3145
         2.3162
         2.3179
         2.3196
         2.3213
          2.323
         2.3247
         2.3264
         2.3281
         2.3298
         2.3315
         2.3332
         2.3349
         2.3366
         2.3383
           2.34
         2.3417
         2.3434
         2.3451
         2.3468
         2.3485
         2.3502
         2.3519
         2.3536
         2.3553
          2.357
         2.3587
         2.3604
         2.3621
         2.3638
         2.3655
         2.3672
         2.3689
         2.3706
         2.3723
          2.374
         2.3757
         2.3774
         2.3791
         2.3808
         2.3825
         2.3842
         2.3859
       2.387599
       2.389299
       2.390999
       2.392698
       2.394398
       2.396097
       2.397795
       2.399494
       2.401192
       2.402889
       2.404585
       2.406279
       2.407973
       2.409664
       2.411352
       2.413036
       2.414716
       2.416391
       2.418057
       2.419715
        2.42136
       2.422991
       2.424604
       2.426193
       2.427755
       2.429281
       2.430766
       2.432198
       2.433568
       2.434861
       2.436064
       2.437158
       2.438122
       2.438932
       2.439562
       2.439979
       2.440149
       2.440031
       2.439581
       2.438749
       2.437481
       2.435716
       2.433391
       2.430433
       2.426768
       2.422317
       2.416995
       2.410716
       2.403389
       2.394923
       2.385228
        2.37421
       2.361784
       2.347863
       2.332369
       2.315232
        2.29639
       2.275792
       2.253402
       2.229196
       2.203168
       2.175331
       2.145714
       2.114368
       2.081362
       2.046788
       2.010755
       1.973392
       1.934849
       1.895288
       1.854889
       1.813842
        1.77235
       1.730619
       1.688862
        1.64729
       1.606115
       1.565541
       1.525764
       1.486968
       1.449324
       1.412987
       1.378094
        1.34476
       1.313083
       1.283137
       1.254977
       1.228637
       1.204128
       1.181445
       1.160564
       1.141445
       1.124033
       1.108261
       1.094053
       1.081323
       1.069979
       1.059927
       1.051068
       1.043304
       1.036538
       1.030674
        1.02562
       1.021289
       1.017599
       1.014473
        1.01184
       1.009634
       1.007797
       1.006277
       1.005026
       1.004002
       1.003169
       1.002495
       1.001954
       1.001521
       1.001178
       1.000907
       1.000694
       1.000528
       1.000399
         1.0003
       1.000225
       1.000167
       1.000123
       1.000091
       1.000066
       1.000048
       1.000035
       1.000025
       1.000018
       1.000012
       1.000009
       1.000006
       1.000004
       1.000003
       1.000002
       1.000001
       1.000001
       1.000001
              1
              1
              1
              1
              1
              1
              1
              1
              1
              1
              1
              1
              1
              1
              1
              1
              1
              1
              1
              1
              1
              1
              1
              1
              1
              1
              1
              1
              1
              1
              1
              1
              1
              1
              1
              1
              1
              1
              1
              1
              1
              1
              1
              1
              1
              1
              1
              1
              1
              1
              1
              1
              1
              1
              1
              1
              1
              1
              1
              1
              1
              1
              1
              1
              1
              1
              1
              1
              1
              1
              1
              1
              1
              1
              1
              1
              1
              1
              1
              1
              1
              1
              1
              1
              1
              1
              1
              1
              1
              1
              1
              1
              1
              1
              1
              1
              1
              1
              1
              1
              1
              1
              1
              1
              1
              1
              1
              1
              1
              1
              1
              1
              1
              1
              1
              1
              1
              1
              1
              1
              1
              1
              1
              1
              1
              1
              1
              1
              1
              1
              1
              1
              1
              1
              1
              1
              1
              1
              1
              1
              1
              1
              1
              1
              1
              1
              1
              1
              1
              1
              1
              1
              1
              1
              1
              1
              1
              1
              1
              1
              1
              1
              1
              1
              1
              1
              1
              1
              1
              1
              1
              1
              1
              1
              1
              1
              1
              1
              1
              1
              1
              1
              1
              1
              1
              1
              1
              1
              1
              1
              1
              1
              1
              1
              1
              1
              1
              1
              1
              1
              1
              1
              1
              1
              1
              1
              1
              1
              1
              1
              1
              1
              1
              1
              1
              1
              1
              1
              1
              1
              1
              1
              1
              1
              1
              1
              1
              1
              1
              1
              1
              1
              1
              1
              1
              1
              1
              1
              1
              1
              1
              1
              1
              1
              1
              1
              1
              1
              1
              1
              1
              1
              1
              1
              1
              1
              1
              1
              1
              1
              1
              1
              1
              1
              1
              1
              1
              1
              1
              1
              1
              1
              1
              1
              1
              1
              1
              1
              1
              1
              1
              1
              1
              1
              1
              1
              1
              1
              1
              1
              1
              1
              1
              1
              1
              1
              1
              1
              1
              1
              1
              1
              1
              1
              1
              1
              1
              1
              1
              1
              1
              1
              1
              1
              1
              1
              1
              1
              1
              1
              1
              1
              1
              1
              1
              1
              1
              1
              1
              1
              1
              1
              1
