              5
       1.098485
       1.098535
       1.098622
       1.098746
       1.098905
         1.0991
       1.099331
       1.099597
       1.099897
       1.100232
       1.100601
       1.101003
       1.101438
       1.101906
       1.102404
       1.102934
       1.103493
       1.104083
         1.1047
       1.105346
       1.106019
       1.106719
       1.107444
       1.108193
       1.108967
       1.109765
       1.110584
       1.111426
       1.112288
       1.113171
       1.114073
       1.114994
       1.115933
        1.11689
       1.117864
       1.118854
        1.11986
        1.12088
       1.121916
       1.122965
       1.124029
       1.125105
       1.126195
       1.127296
        1.12841
       1.129535
       1.130672
        1.13182
       1.132979
       1.134148
       1.135328
       1.136517
       1.137717
       1.138926
       1.140145
       1.141374
       1.142612
       1.143859
       1.145115
        1.14638
       1.147654
       1.148937
       1.150229
        1.15153
       1.152839
       1.154157
       1.155484
        1.15682
       1.158164
       1.159516
       1.160878
       1.162247
       1.163626
       1.165013
       1.166409
       1.167813
       1.169225
       1.170647
       1.172077
       1.173515
       1.174962
       1.176418
       1.177883
       1.179356
       1.180837
       1.182327
       1.183826
       1.185334
        1.18685
       1.188375
       1.189909
       1.191451
       1.193002
       1.194562
       1.196131
       1.197708
       1.199294
       1.200889
       1.202492
       1.204104
       1.205725
       1.207355
       1.208994
       1.210641
       1.212297
       1.213962
       1.215636
       1.217318
       1.219009
       1.220709
       1.222418
       1.224136
       1.225862
       1.227597
       1.229341
       1.231094
       1.232856
       1.234626
       1.236405
       1.238193
        1.23999
       1.241795
        1.24361
       1.245432
       1.247264
       1.249105
       1.250954
       1.252812
       1.254678
       1.256554
       1.258438
        1.26033
       1.262232
       1.264142
        1.26606
       1.267988
       1.269923
       1.271868
       1.273821
       1.275783
       1.277753
       1.279732
       1.281719
       1.283715
       1.285719
       1.287732
       1.289753
       1.291782
        1.29382
       1.295867
       1.297921
       1.299984
       1.302056
       1.304135
       1.306223
       1.308319
       1.310423
       1.312536
       1.314656
       1.316785
       1.318922
       1.321067
        1.32322
       1.325381
       1.327549
       1.329726
       1.331911
       1.334103
       1.336304
       1.338512
       1.340728
       1.342951
       1.345183
       1.347421
       1.349668
       1.351922
       1.354184
       1.356453
       1.358729
       1.361013
       1.363304
       1.365603
       1.367909
       1.370222
       1.372542
       1.374869
       1.377203
       1.379545
       1.381893
       1.384248
        1.38661
       1.388979
       1.391355
       1.393738
       1.396127
       1.398522
       1.400925
       1.403333
       1.405749
        1.40817
       1.410598
       1.413032
       1.415473
       1.417919
       1.420372
        1.42283
       1.425295
       1.427765
       1.430241
       1.432724
       1.435211
       1.437705
       1.440204
       1.442708
       1.445218
       1.447733
       1.450254
       1.452779
        1.45531
       1.457846
       1.460387
       1.462933
       1.465484
        1.46804
         1.4706
       1.473165
       1.475735
       1.478308
       1.480887
        1.48347
       1.486057
       1.488648
       1.491243
       1.493842
       1.496445
       1.499052
       1.501663
       1.504277
       1.506895
       1.509517
       1.512142
        1.51477
       1.517402
       1.520036
       1.522674
       1.525315
       1.527958
       1.530605
       1.533254
       1.535905
        1.53856
       1.541216
       1.543875
       1.546536
         1.5492
       1.551865
       1.554533
       1.557202
       1.559873
       1.562545
        1.56522
       1.567895
       1.570572
       1.573251
        1.57593
       1.578611
       1.581292
       1.583975
       1.586658
       1.589342
       1.592026
       1.594711
       1.597396
       1.600081
       1.602767
       1.605453
       1.608138
       1.610823
       1.613508
       1.616193
       1.618877
       1.621561
       1.624243
       1.626925
       1.629606
       1.632286
       1.634965
       1.637643
       1.640319
       1.642993
       1.645666
       1.648338
       1.651007
       1.653675
        1.65634
       1.659003
       1.661664
       1.664323
       1.666979
       1.669632
       1.672283
        1.67493
       1.677575
       1.680217
       1.682855
        1.68549
       1.688122
        1.69075
       1.693374
       1.695995
       1.698611
       1.701224
       1.703832
       1.706436
       1.709036
       1.711631
       1.714222
       1.716808
       1.719388
       1.721964
       1.724535
       1.727101
       1.729661
       1.732215
       1.734764
       1.737308
       1.739845
       1.742377
       1.744902
       1.747421
       1.749934
       1.752441
       1.754941
       1.757434
        1.75992
         1.7624
       1.764872
       1.767337
       1.769795
       1.772246
       1.774689
       1.777124
       1.779551
       1.781971
       1.784383
       1.786786
       1.789181
       1.791568
       1.793946
       1.796316
       1.798677
       1.801029
       1.803372
       1.805706
       1.808031
       1.810346
       1.812652
       1.814948
       1.817235
       1.819512
       1.821779
       1.824036
       1.826283
       1.828519
       1.830745
       1.832961
       1.835166
        1.83736
       1.839543
       1.841716
       1.843877
       1.846027
       1.848166
       1.850293
       1.852409
       1.854513
       1.856605
       1.858686
       1.860754
        1.86281
       1.864855
       1.866886
       1.868906
       1.870913
       1.872907
       1.874888
       1.876857
       1.878812
       1.880755
       1.882684
         1.8846
       1.886503
       1.888392
       1.890268
        1.89213
       1.893978
       1.895812
       1.897632
       1.899438
        1.90123
       1.903007
        1.90477
       1.906519
       1.908253
       1.909972
       1.911677
       1.913366
       1.915041
         1.9167
       1.918345
       1.919974
       1.921587
       1.923185
       1.924768
       1.926335
       1.927887
       1.929422
       1.930942
       1.932446
       1.933933
       1.935405
        1.93686
       1.938299
       1.939721
       1.941127
       1.942517
        1.94389
       1.945246
       1.946585
       1.947907
       1.949213
       1.950501
       1.951773
       1.953027
       1.954264
       1.955484
       1.956686
       1.957871
       1.959038
       1.960188
        1.96132
       1.962434
       1.963531
       1.964609
        1.96567
       1.966713
       1.967738
       1.968744
       1.969733
       1.970703
       1.971655
       1.972589
       1.973504
       1.974401
       1.975279
       1.976139
        1.97698
       1.977803
       1.978607
       1.979392
       1.980159
       1.980906
       1.981635
       1.982345
       1.983036
       1.983708
        1.98436
       1.984994
       1.985609
       1.986204
       1.986781
       1.987338
       1.987876
       1.988394
       1.988894
       1.989374
       1.989834
       1.990275
       1.990697
       1.991099
       1.991482
       1.991846
       1.992189
       1.992514
       1.992819
       1.993104
       1.993369
       1.993615
       1.993842
       1.994048
       1.994235
       1.994403
       1.994551
       1.994679
       1.994787
       1.994876
       1.994945
       1.994994
       1.995024
       1.995034
       1.995024
       1.994995
       1.994945
       1.994877
       1.994788
        1.99468
       1.994552
       1.994404
       1.994237
        1.99405
       1.993843
       1.993617
       1.993371
       1.993106
       1.992821
       1.992516
       1.992192
       1.991848
       1.991485
       1.991102
         1.9907
       1.990279
       1.989838
       1.989377
       1.988897
       1.988398
        1.98788
       1.987342
       1.986785
       1.986209
       1.985614
       1.984999
       1.984365
       1.983713
       1.983041
        1.98235
       1.981641
       1.980912
       1.980165
       1.979398
       1.978613
       1.977809
       1.976987
       1.976146
       1.975286
       1.974408
       1.973511
       1.972596
       1.971662
       1.970711
        1.96974
       1.968752
       1.967746
       1.966721
       1.965678
       1.964618
       1.963539
       1.962443
       1.961328
       1.960197
       1.959047
        1.95788
       1.956695
       1.955493
       1.954273
       1.953037
       1.951783
       1.950511
       1.949223
       1.947918
       1.946595
       1.945256
         1.9439
       1.942527
       1.941138
       1.939732
        1.93831
       1.936871
       1.935416
       1.933944
       1.932457
       1.930953
       1.929434
       1.927898
       1.926347
        1.92478
       1.923197
       1.921599
       1.919986
       1.918357
       1.916713
       1.915053
       1.913379
       1.911689
       1.909985
       1.908266
       1.906532
       1.904783
        1.90302
       1.901243
       1.899451
       1.897645
       1.895825
       1.893991
       1.892143
       1.890281
       1.888406
       1.886517
       1.884614
       1.882698
       1.880769
       1.878827
       1.876871
       1.874903
       1.872921
       1.870927
        1.86892
       1.866901
       1.864869
       1.862825
       1.860769
         1.8587
        1.85662
       1.854528
       1.852424
       1.850308
       1.848181
       1.846042
       1.843892
       1.841731
       1.839558
       1.837375
       1.835181
       1.832976
       1.830761
       1.828535
       1.826298
       1.824051
       1.821795
       1.819528
       1.817251
       1.814964
       1.812668
       1.810362
       1.808047
       1.805722
       1.803388
       1.801045
       1.798693
       1.796332
       1.793962
       1.791584
       1.789197
       1.786802
       1.784399
       1.781987
       1.779567
        1.77714
       1.774705
       1.772262
       1.769811
       1.767353
       1.764888
       1.762416
       1.759936
        1.75745
       1.754957
       1.752457
       1.749951
       1.747438
       1.744918
       1.742393
       1.739861
       1.737324
       1.734781
       1.732231
       1.729677
       1.727117
       1.724551
        1.72198
       1.719404
       1.716824
       1.714238
       1.711647
       1.709052
       1.706452
       1.703848
        1.70124
       1.698627
       1.696011
        1.69339
       1.690766
       1.688137
       1.685506
       1.682871
       1.680232
       1.677591
       1.674946
       1.672298
       1.669647
       1.666994
       1.664338
       1.661679
       1.659018
       1.656355
        1.65369
       1.651022
       1.648353
       1.645681
       1.643008
       1.640334
       1.637658
        1.63498
       1.632301
       1.629621
        1.62694
       1.624258
       1.621575
       1.618892
       1.616208
       1.613523
       1.610838
       1.608152
       1.605467
       1.602781
       1.600096
        1.59741
       1.594725
        1.59204
       1.589356
       1.586672
       1.583988
       1.581306
       1.578624
       1.575944
       1.573264
       1.570586
       1.567909
       1.565233
       1.562559
       1.559886
       1.557215
       1.554545
       1.551878
       1.549212
       1.546549
       1.543888
       1.541229
       1.538572
       1.535918
       1.533266
       1.530617
        1.52797
       1.525327
       1.522686
       1.520048
       1.517413
       1.514782
       1.512153
       1.509528
       1.506907
       1.504289
       1.501674
       1.499063
       1.496456
       1.493853
       1.491254
       1.488658
       1.486067
        1.48348
       1.480897
       1.478319
       1.475745
       1.473175
        1.47061
        1.46805
       1.465494
       1.462943
       1.460397
       1.457856
        1.45532
       1.452789
       1.450263
       1.447742
       1.445227
       1.442717
       1.440213
       1.437714
        1.43522
       1.432732
        1.43025
       1.427774
       1.425303
       1.422839
        1.42038
       1.417927
       1.415481
        1.41304
       1.410606
       1.408178
       1.405756
       1.403341
       1.400932
        1.39853
       1.396134
       1.393745
       1.391362
       1.388986
       1.386617
       1.384255
         1.3819
       1.379551
        1.37721
       1.374875
       1.372548
       1.370228
       1.367915
       1.365609
        1.36331
       1.361019
       1.358735
       1.356458
       1.354189
       1.351927
       1.349673
       1.347427
       1.345188
       1.342956
       1.340733
       1.338517
       1.336308
       1.334108
       1.331915
       1.329731
       1.327554
       1.325385
       1.323224
       1.321071
       1.318926
       1.316789
        1.31466
        1.31254
       1.310427
       1.308323
       1.306227
       1.304139
       1.302059
       1.299987
       1.297924
        1.29587
       1.293823
       1.291785
       1.289756
       1.287734
       1.285721
       1.283717
       1.281721
       1.279734
       1.277755
       1.275785
       1.273823
        1.27187
       1.269925
       1.267989
       1.266062
       1.264143
       1.262233
       1.260332
       1.258439
       1.256555
        1.25468
       1.252813
       1.250955
       1.249106
       1.247265
       1.245433
        1.24361
       1.241796
       1.239991
       1.238194
       1.236406
       1.234627
       1.232856
       1.231095
       1.229342
       1.227598
       1.225862
       1.224136
       1.222418
       1.220709
       1.219009
       1.217318
       1.215635
       1.213962
       1.212297
        1.21064
       1.208993
       1.207354
       1.205725
       1.204104
       1.202491
       1.200888
       1.199293
       1.197707
        1.19613
       1.194561
       1.193001
        1.19145
       1.189908
       1.188374
       1.186849
       1.185333
       1.183825
       1.182326
       1.180836
       1.179354
       1.177881
       1.176417
       1.174961
       1.173514
       1.172076
       1.170646
       1.169225
       1.167812
       1.166409
       1.165013
       1.163626
       1.162248
       1.160879
       1.159518
       1.158166
       1.156822
       1.155488
       1.154162
       1.152844
       1.151536
       1.150236
       1.148945
       1.147663
        1.14639
       1.145126
       1.143872
       1.142626
        1.14139
       1.140163
       1.138946
       1.137739
       1.136541
       1.135354
       1.134177
        1.13301
       1.131854
       1.130709
       1.129575
       1.128453
       1.127343
       1.126244
       1.125158
       1.124085
       1.123025
       1.121979
       1.120947
        1.11993
       1.118928
       1.117941
       1.116971
       1.116017
       1.115081
       1.114162
       1.113263
       1.112383
       1.111522
       1.110683
       1.109865
       1.109069
       1.108296
       1.107547
       1.106822
       1.106122
       1.105448
       1.104801
       1.104182
       1.103591
       1.103028
       1.102496
       1.101994
       1.101522
       1.101083
       1.100676
       1.100302
       1.099961
       1.099654
       1.099382
       1.099145
       1.098942
       1.098776
       1.098645
       1.098551
       1.098492
        1.09847
