             20
        1.11867
       1.118701
       1.118755
       1.118831
       1.118929
       1.119049
       1.119192
       1.119356
       1.119543
       1.119751
       1.119982
       1.120234
       1.120508
       1.120803
       1.121121
       1.121459
       1.121819
       1.122201
       1.122604
       1.123027
       1.123472
       1.123938
       1.124424
       1.124931
       1.125458
       1.126005
       1.126573
        1.12716
       1.127768
       1.128395
       1.129041
       1.129707
       1.130392
       1.131096
       1.131819
       1.132561
        1.13332
       1.134099
       1.134895
       1.135709
       1.136541
       1.137391
       1.138257
       1.139141
       1.140042
        1.14096
       1.141894
       1.142845
       1.143812
       1.144795
       1.145794
       1.146809
       1.147839
       1.148884
       1.149945
        1.15102
        1.15211
       1.153215
       1.154334
       1.155468
       1.156615
       1.157777
       1.158952
       1.160141
       1.161343
       1.162559
       1.163787
       1.165029
       1.166283
        1.16755
        1.16883
       1.170122
       1.171426
       1.172743
       1.174071
       1.175411
       1.176763
       1.178127
       1.179502
       1.180888
       1.182286
       1.183695
       1.185115
       1.186546
       1.187987
        1.18944
       1.190903
       1.192377
       1.193861
       1.195355
        1.19686
       1.198375
         1.1999
       1.201436
       1.202981
       1.204536
       1.206101
       1.207676
       1.209261
       1.210855
       1.212459
       1.214072
       1.215695
       1.217328
       1.218969
        1.22062
       1.222281
        1.22395
       1.225629
       1.227317
       1.229014
        1.23072
       1.232436
        1.23416
       1.235893
       1.237635
       1.239386
       1.241146
       1.242914
       1.244691
       1.246478
       1.248272
       1.250076
       1.251888
       1.253709
       1.255538
       1.257376
       1.259223
       1.261078
       1.262941
       1.264813
       1.266693
       1.268582
       1.270479
       1.272385
       1.274299
       1.276221
       1.278151
        1.28009
       1.282037
       1.283992
       1.285955
       1.287927
       1.289906
       1.291894
       1.293889
       1.295893
       1.297905
       1.299924
       1.301952
       1.303988
       1.306031
       1.308082
       1.310141
       1.312208
       1.314283
       1.316365
       1.318456
       1.320553
       1.322659
       1.324772
       1.326893
       1.329021
       1.331157
         1.3333
        1.33545
       1.337608
       1.339774
       1.341947
       1.344127
       1.346314
       1.348508
        1.35071
       1.352919
       1.355135
       1.357357
       1.359587
       1.361824
       1.364068
       1.366319
       1.368576
       1.370841
       1.373112
       1.375389
       1.377674
       1.379965
       1.382262
       1.384566
       1.386877
       1.389193
       1.391517
       1.393846
       1.396182
       1.398524
       1.400872
       1.403226
       1.405586
       1.407953
       1.410325
       1.412703
       1.415086
       1.417476
       1.419871
       1.422272
       1.424678
        1.42709
       1.429507
        1.43193
       1.434358
       1.436791
        1.43923
       1.441673
       1.444122
       1.446575
       1.449034
       1.451497
       1.453965
       1.456438
       1.458916
       1.461398
       1.463884
       1.466375
       1.468871
        1.47137
       1.473874
       1.476382
       1.478894
       1.481411
       1.483931
       1.486454
       1.488982
       1.491513
       1.494048
       1.496587
       1.499128
       1.501674
       1.504222
       1.506774
       1.509329
       1.511887
       1.514447
       1.517011
       1.519578
       1.522147
       1.524719
       1.527293
        1.52987
       1.532449
        1.53503
       1.537614
       1.540199
       1.542787
       1.545377
       1.547968
       1.550561
       1.553156
       1.555752
        1.55835
       1.560949
       1.563549
       1.566151
       1.568753
       1.571357
       1.573961
       1.576567
       1.579172
       1.581779
       1.584386
       1.586993
       1.589601
       1.592209
       1.594817
       1.597425
       1.600033
       1.602641
       1.605248
       1.607855
       1.610461
       1.613067
       1.615672
       1.618277
        1.62088
       1.623482
       1.626084
       1.628684
       1.631282
        1.63388
       1.636475
       1.639069
       1.641662
       1.644252
        1.64684
       1.649427
       1.652011
       1.654593
       1.657172
       1.659749
       1.662323
       1.664894
       1.667463
       1.670029
       1.672591
       1.675151
       1.677707
        1.68026
       1.682809
       1.685355
       1.687896
       1.690434
       1.692968
       1.695498
       1.698024
       1.700546
       1.703063
       1.705575
       1.708083
       1.710586
       1.713085
       1.715578
       1.718066
       1.720549
       1.723027
       1.725499
       1.727966
       1.730427
       1.732883
       1.735332
       1.737776
       1.740213
       1.742644
       1.745069
       1.747487
       1.749899
       1.752304
       1.754702
       1.757093
       1.759478
       1.761855
       1.764225
       1.766587
       1.768942
        1.77129
       1.773629
       1.775961
       1.778285
       1.780601
       1.782909
       1.785209
         1.7875
       1.789782
       1.792056
       1.794322
       1.796578
       1.798826
       1.801064
       1.803293
       1.805513
       1.807724
       1.809925
       1.812116
       1.814298
        1.81647
       1.818632
       1.820784
       1.822925
       1.825057
       1.827178
       1.829288
       1.831388
       1.833477
       1.835556
       1.837623
        1.83968
       1.841725
       1.843759
       1.845782
       1.847793
       1.849793
       1.851781
       1.853757
       1.855722
       1.857674
       1.859614
       1.861543
       1.863459
       1.865362
       1.867253
       1.869132
       1.870997
        1.87285
       1.874691
       1.876518
       1.878332
       1.880133
        1.88192
       1.883695
       1.885455
       1.887203
       1.888936
       1.890656
       1.892362
       1.894054
       1.895733
       1.897397
       1.899046
       1.900682
       1.902303
        1.90391
       1.905502
       1.907079
       1.908642
        1.91019
       1.911723
       1.913241
       1.914744
       1.916232
       1.917705
       1.919162
       1.920604
       1.922031
       1.923442
       1.924837
       1.926217
        1.92758
       1.928928
        1.93026
       1.931577
       1.932877
        1.93416
       1.935428
       1.936679
       1.937914
       1.939133
       1.940335
        1.94152
       1.942689
       1.943841
       1.944976
       1.946095
       1.947197
       1.948281
       1.949349
         1.9504
       1.951433
       1.952449
       1.953448
        1.95443
       1.955394
       1.956341
       1.957271
       1.958183
       1.959077
       1.959954
       1.960813
       1.961654
       1.962478
       1.963284
       1.964071
       1.964841
       1.965593
       1.966327
       1.967043
       1.967741
       1.968421
       1.969083
       1.969726
       1.970351
       1.970958
       1.971547
       1.972117
       1.972669
       1.973203
       1.973718
       1.974214
       1.974693
       1.975152
       1.975593
       1.976016
        1.97642
       1.976805
       1.977172
        1.97752
       1.977849
        1.97816
       1.978451
       1.978725
       1.978979
       1.979215
       1.979431
        1.97963
       1.979809
       1.979969
       1.980111
       1.980234
       1.980338
       1.980423
       1.980489
       1.980537
       1.980565
       1.980575
       1.980566
       1.980538
       1.980491
       1.980425
       1.980341
       1.980237
       1.980115
       1.979974
       1.979814
       1.979635
       1.979438
       1.979222
       1.978987
       1.978733
        1.97846
       1.978169
       1.977859
        1.97753
       1.977183
       1.976816
       1.976432
       1.976028
       1.975606
       1.975166
       1.974707
       1.974229
       1.973733
       1.973219
       1.972686
       1.972134
       1.971565
       1.970977
        1.97037
       1.969746
       1.969103
       1.968442
       1.967762
       1.967065
        1.96635
       1.965616
       1.964865
       1.964095
       1.963308
       1.962503
       1.961679
       1.960839
        1.95998
       1.959104
        1.95821
       1.957299
        1.95637
       1.955423
       1.954459
       1.953478
        1.95248
       1.951464
       1.950431
       1.949381
       1.948314
       1.947229
       1.946128
        1.94501
       1.943875
       1.942724
       1.941555
        1.94037
       1.939169
       1.937951
       1.936716
       1.935465
       1.934198
       1.932915
       1.931615
         1.9303
       1.928968
       1.927621
       1.926257
       1.924878
       1.923483
       1.922073
       1.920647
       1.919205
       1.917748
       1.916276
       1.914788
       1.913286
       1.911768
       1.910235
       1.908688
       1.907125
       1.905548
       1.903956
        1.90235
       1.900729
       1.899094
       1.897445
       1.895781
       1.894103
       1.892411
       1.890706
       1.888986
       1.887253
       1.885506
       1.883745
       1.881971
       1.880184
       1.878383
        1.87657
       1.874743
       1.872903
        1.87105
       1.869185
       1.867306
       1.865416
       1.863512
       1.861597
       1.859669
       1.857729
       1.855776
       1.853812
       1.851836
       1.849848
       1.847849
       1.845838
       1.843815
       1.841781
       1.839736
        1.83768
       1.835613
       1.833535
       1.831446
       1.829346
       1.827235
       1.825115
       1.822983
       1.820842
        1.81869
       1.816528
       1.814357
       1.812175
       1.809984
       1.807783
       1.805572
       1.803353
       1.801123
       1.798885
       1.796638
       1.794381
       1.792116
       1.789842
        1.78756
       1.785269
       1.782969
       1.780662
       1.778346
       1.776022
        1.77369
        1.77135
       1.769003
       1.766648
       1.764285
       1.761916
       1.759538
       1.757154
       1.754763
       1.752365
        1.74996
       1.747548
        1.74513
       1.742705
       1.740274
       1.737836
       1.735393
       1.732943
       1.730488
       1.728027
        1.72556
       1.723088
        1.72061
       1.718127
       1.715639
       1.713145
       1.710647
       1.708144
       1.705636
       1.703123
       1.700606
       1.698084
       1.695558
       1.693028
       1.690494
       1.687956
       1.685414
       1.682868
       1.680319
       1.677766
        1.67521
        1.67265
       1.670088
       1.667522
       1.664953
       1.662381
       1.659807
        1.65723
       1.654651
       1.652069
       1.649484
       1.646898
       1.644309
       1.641719
       1.639126
       1.636532
       1.633936
       1.631339
        1.62874
        1.62614
       1.623538
       1.620936
       1.618332
       1.615728
       1.613122
       1.610516
        1.60791
       1.605302
       1.602695
       1.600087
       1.597479
        1.59487
       1.592262
       1.589654
       1.587046
       1.584439
       1.581831
       1.579224
       1.576618
       1.574013
       1.571408
       1.568804
       1.566201
         1.5636
       1.560999
         1.5584
       1.555802
       1.553205
        1.55061
       1.548017
       1.545425
       1.542835
       1.540247
       1.537661
       1.535077
       1.532496
       1.529916
       1.527339
       1.524765
       1.522193
       1.519623
       1.517056
       1.514492
       1.511931
       1.509373
       1.506818
       1.504266
       1.501717
       1.499171
       1.496629
       1.494091
       1.491555
       1.489024
       1.486496
       1.483972
       1.481451
       1.478935
       1.476422
       1.473914
        1.47141
        1.46891
       1.466414
       1.463923
       1.461436
       1.458953
       1.456476
       1.454002
       1.451534
        1.44907
       1.446611
       1.444157
       1.441708
       1.439264
       1.436826
       1.434392
       1.431964
       1.429541
       1.427123
       1.424711
       1.422304
       1.419903
       1.417508
       1.415118
       1.412734
       1.410355
       1.407983
       1.405616
       1.403256
       1.400901
       1.398553
       1.396211
       1.393874
       1.391545
       1.389221
       1.386904
       1.384593
       1.382289
       1.379991
       1.377699
       1.375415
       1.373137
       1.370865
       1.368601
       1.366343
       1.364092
       1.361848
        1.35961
        1.35738
       1.355157
       1.352941
       1.350732
        1.34853
       1.346335
       1.344147
       1.341967
       1.339794
       1.337628
        1.33547
       1.333319
       1.331176
        1.32904
       1.326911
        1.32479
       1.322677
       1.320571
       1.318473
       1.316383
         1.3143
       1.312225
       1.310158
       1.308098
       1.306047
       1.304003
       1.301968
        1.29994
        1.29792
       1.295908
       1.293904
       1.291908
       1.289921
       1.287941
        1.28597
       1.284006
       1.282051
       1.280104
       1.278165
       1.276235
       1.274313
       1.272399
       1.270494
       1.268596
       1.266708
       1.264827
       1.262956
       1.261092
       1.259237
       1.257391
       1.255553
       1.253724
       1.251904
       1.250092
       1.248289
       1.246494
       1.244708
       1.242931
       1.241163
       1.239404
       1.237654
       1.235912
        1.23418
       1.232456
       1.230741
       1.229036
        1.22734
       1.225652
       1.223974
       1.222305
       1.220646
       1.218996
       1.217355
       1.215723
       1.214101
       1.212489
       1.210886
       1.209293
        1.20771
       1.206136
       1.204572
       1.203018
       1.201474
        1.19994
       1.198416
       1.196902
       1.195399
       1.193906
       1.192423
       1.190951
       1.189489
       1.188038
       1.186598
       1.185168
        1.18375
       1.182343
       1.180947
       1.179562
       1.178188
       1.176826
       1.175476
       1.174137
       1.172811
       1.171496
       1.170193
       1.168903
       1.167625
       1.166359
       1.165106
       1.163866
       1.162639
       1.161425
       1.160224
       1.159037
       1.157863
       1.156703
       1.155556
       1.154424
       1.153306
       1.152202
       1.151113
       1.150039
       1.148979
       1.147935
       1.146905
       1.145891
       1.144893
        1.14391
       1.142944
       1.141993
       1.141059
       1.140142
       1.139241
       1.138357
        1.13749
        1.13664
       1.135808
       1.134993
       1.134196
       1.133417
       1.132656
       1.131914
        1.13119
       1.130485
       1.129798
       1.129131
       1.128483
       1.127854
       1.127245
       1.126656
       1.126086
       1.125537
       1.125007
       1.124498
       1.124009
       1.123541
       1.123094
       1.122668
       1.122262
       1.121878
       1.121515
       1.121173
       1.120853
       1.120554
       1.120276
       1.120021
       1.119787
       1.119575
       1.119385
       1.119217
       1.119071
       1.118948
       1.118846
       1.118766
       1.118709
       1.118674
       1.118661
