             20
              1
              1
              1
              1
              1
              1
              1
              1
              1
              1
              1
              1
              1
              1
              1
              1
              1
              1
              1
              1
              1
              1
              1
              1
              1
              1
              1
              1
              1
              1
              1
              1
              1
              1
              1
              1
              1
              1
              1
              1
              1
              1
              1
              1
              1
              1
              1
              1
              1
              1
              1
              1
              1
              1
              1
              1
              1
              1
              1
              1
              1
              1
              1
              1
              1
              1
              1
              1
              1
              1
              1
              1
              1
              1
              1
              1
              1
              1
       1.000001
       1.000001
       1.000001
       1.000001
       1.000001
       1.000001
       1.000001
       1.000001
       1.000001
       1.000001
       1.000002
       1.000002
       1.000002
       1.000002
       1.000002
       1.000003
       1.000003
       1.000003
       1.000004
       1.000004
       1.000004
       1.000005
       1.000005
       1.000006
       1.000006
       1.000007
       1.000008
       1.000009
        1.00001
       1.000011
       1.000012
       1.000013
       1.000014
       1.000015
       1.000017
       1.000019
       1.000021
       1.000023
       1.000025
       1.000027
        1.00003
       1.000033
       1.000036
       1.000039
       1.000043
       1.000047
       1.000052
       1.000057
       1.000062
       1.000068
       1.000074
       1.000081
       1.000088
       1.000096
       1.000105
       1.000114
       1.000124
       1.000135
       1.000147
        1.00016
       1.000174
        1.00019
       1.000206
       1.000224
       1.000243
       1.000264
       1.000286
        1.00031
       1.000336
       1.000364
       1.000394
       1.000427
       1.000462
       1.000499
       1.000539
       1.000583
       1.000629
       1.000679
       1.000733
        1.00079
       1.000852
       1.000918
       1.000989
       1.001065
       1.001146
       1.001232
       1.001325
       1.001424
       1.001529
       1.001642
       1.001763
       1.001891
       1.002028
       1.002173
       1.002328
       1.002494
       1.002669
       1.002856
       1.003054
       1.003265
       1.003489
       1.003727
       1.003979
       1.004246
        1.00453
        1.00483
       1.005147
       1.005484
       1.005839
       1.006215
       1.006612
       1.007032
       1.007475
       1.007943
       1.008436
       1.008956
       1.009504
        1.01008
       1.010688
       1.011327
       1.011999
       1.012705
       1.013448
       1.014227
       1.015046
       1.015904
       1.016804
       1.017748
       1.018737
       1.019772
       1.020856
       1.021989
       1.023175
       1.024413
       1.025707
       1.027059
       1.028469
        1.02994
       1.031473
       1.033072
       1.034736
        1.03647
       1.038273
       1.040149
       1.042099
       1.044125
        1.04623
       1.048415
       1.050681
       1.053032
       1.055469
       1.057994
       1.060608
       1.063314
       1.066114
       1.069009
       1.072001
       1.075092
       1.078283
       1.081577
       1.084975
       1.088478
       1.092088
       1.095807
       1.099635
       1.103574
       1.107626
       1.111792
       1.116071
       1.120467
       1.124979
       1.129608
       1.134356
       1.139222
       1.144208
       1.149313
       1.154538
       1.159883
       1.165348
       1.170934
       1.176639
       1.182465
       1.188409
       1.194473
       1.200655
       1.206953
       1.213369
       1.219899
       1.226544
       1.233302
        1.24017
       1.247149
       1.254235
       1.261428
       1.268725
       1.276123
       1.283621
       1.291216
       1.298906
       1.306688
       1.314559
       1.322517
       1.330557
       1.338678
       1.346875
       1.355146
       1.363486
       1.371893
       1.380363
       1.388892
       1.397475
        1.40611
       1.414792
       1.423516
        1.43228
       1.441078
       1.449906
       1.458761
       1.467637
       1.476531
       1.485437
       1.494352
       1.503271
       1.512189
       1.521103
       1.530007
       1.538898
        1.54777
       1.556619
       1.565442
       1.574233
       1.582989
       1.591705
       1.600377
       1.609001
       1.617572
       1.626088
       1.634544
       1.642936
        1.65126
       1.659513
       1.667692
       1.675793
       1.683812
       1.691747
       1.699594
       1.707351
       1.715015
       1.722582
       1.730051
       1.737419
       1.744684
       1.751843
       1.758894
       1.765836
       1.772667
       1.779385
       1.785989
       1.792477
       1.798848
       1.805102
       1.811236
       1.817251
       1.823145
       1.828919
       1.834571
       1.840102
       1.845512
       1.850799
       1.855965
        1.86101
       1.865934
       1.870737
        1.87542
       1.879984
       1.884429
       1.888757
       1.892968
       1.897063
       1.901044
       1.904912
       1.908667
       1.912312
       1.915848
       1.919276
       1.922598
       1.925815
        1.92893
       1.931944
       1.934859
       1.937676
       1.940397
       1.943025
       1.945561
       1.948008
       1.950366
       1.952639
       1.954828
       1.956934
       1.958961
       1.960911
       1.962784
       1.964584
       1.966312
        1.96797
        1.96956
       1.971085
       1.972545
       1.973944
       1.975283
       1.976564
       1.977788
       1.978959
       1.980076
       1.981144
       1.982162
       1.983133
       1.984058
        1.98494
       1.985779
       1.986578
       1.987338
        1.98806
       1.988747
       1.989398
       1.990017
       1.990603
        1.99116
       1.991687
       1.992186
       1.992658
       1.993105
       1.993527
       1.993926
       1.994303
       1.994659
       1.994994
        1.99531
       1.995608
       1.995888
       1.996152
       1.996399
       1.996632
        1.99685
       1.997055
       1.997246
       1.997426
       1.997593
       1.997749
       1.997895
       1.998031
       1.998157
       1.998274
       1.998383
       1.998483
       1.998575
        1.99866
       1.998737
       1.998808
       1.998872
        1.99893
       1.998982
       1.999028
       1.999068
       1.999102
       1.999132
       1.999156
       1.999175
       1.999189
       1.999199
       1.999203
       1.999203
       1.999197
       1.999187
       1.999172
       1.999152
       1.999127
       1.999097
       1.999062
       1.999022
       1.998976
       1.998924
       1.998867
       1.998803
       1.998733
       1.998657
       1.998574
       1.998484
       1.998386
       1.998281
       1.998167
       1.998045
       1.997914
       1.997774
       1.997623
       1.997463
       1.997291
       1.997108
       1.996913
       1.996705
       1.996484
       1.996249
       1.995999
       1.995734
       1.995452
       1.995154
       1.994838
       1.994503
       1.994149
       1.993774
       1.993378
       1.992959
       1.992517
        1.99205
       1.991558
       1.991038
       1.990491
       1.989915
       1.989308
       1.988669
       1.987998
       1.987291
       1.986549
        1.98577
       1.984952
       1.984094
       1.983194
        1.98225
       1.981262
       1.980227
       1.979143
        1.97801
       1.976825
       1.975586
       1.974292
       1.972941
       1.971531
        1.97006
       1.968526
       1.966928
       1.965263
        1.96353
       1.961727
       1.959851
       1.957901
       1.955874
        1.95377
       1.951585
       1.949318
       1.946968
       1.944531
       1.942006
       1.939392
       1.936686
       1.933886
       1.930991
       1.927999
       1.924908
       1.921717
       1.918423
       1.915025
       1.911522
       1.907912
       1.904193
       1.900365
       1.896426
       1.892374
       1.888208
       1.883929
       1.879533
       1.875021
       1.870392
       1.865644
       1.860778
       1.855792
       1.850687
       1.845462
       1.840117
       1.834652
       1.829066
       1.823361
       1.817535
       1.811591
       1.805527
       1.799345
       1.793047
       1.786631
       1.780101
       1.773456
       1.766698
        1.75983
       1.752851
       1.745765
       1.738572
       1.731275
       1.723877
       1.716379
       1.708784
       1.701094
       1.693312
       1.685441
       1.677483
       1.669443
       1.661322
       1.653125
       1.644854
       1.636514
       1.628107
       1.619637
       1.611108
       1.602525
        1.59389
       1.585208
       1.576484
        1.56772
       1.558922
       1.550094
       1.541239
       1.532363
       1.523469
       1.514563
       1.505648
       1.496729
       1.487811
       1.478897
       1.469993
       1.461102
        1.45223
       1.443381
       1.434558
       1.425767
       1.417011
       1.408295
       1.399623
       1.390999
       1.382428
       1.373912
       1.365456
       1.357064
        1.34874
       1.340487
       1.332308
       1.324207
       1.316188
       1.308253
       1.300406
       1.292649
       1.284985
       1.277418
       1.269949
       1.262581
       1.255316
       1.248157
       1.241106
       1.234164
       1.227333
       1.220615
       1.214011
       1.207523
       1.201152
       1.194898
       1.188764
       1.182749
       1.176855
       1.171081
       1.165429
       1.159898
       1.154488
       1.149201
       1.144035
        1.13899
       1.134066
       1.129263
        1.12458
       1.120016
       1.115571
       1.111243
       1.107032
       1.102937
       1.098956
       1.095088
       1.091333
       1.087688
       1.084152
       1.080724
       1.077402
       1.074184
        1.07107
       1.068056
       1.065141
       1.062324
       1.059602
       1.056975
       1.054438
       1.051992
       1.049634
       1.047361
       1.045172
       1.043065
       1.041038
       1.039089
       1.037215
       1.035416
       1.033688
       1.032029
       1.030439
       1.028914
       1.027454
       1.026055
       1.024716
       1.023435
        1.02221
       1.021039
       1.019921
       1.018854
       1.017836
       1.016864
       1.015939
       1.015057
       1.014217
       1.013417
       1.012657
       1.011934
       1.011248
       1.010595
       1.009976
       1.009389
       1.008832
       1.008304
       1.007804
        1.00733
       1.006882
       1.006459
       1.006058
        1.00568
       1.005322
       1.004985
       1.004667
       1.004367
       1.004084
       1.003818
       1.003568
       1.003332
        1.00311
       1.002902
       1.002706
       1.002523
        1.00235
       1.002189
       1.002037
       1.001895
       1.001762
       1.001638
       1.001521
       1.001413
       1.001311
       1.001216
       1.001127
       1.001045
       1.000967
       1.000896
       1.000829
       1.000766
       1.000708
       1.000655
       1.000604
       1.000558
       1.000515
       1.000475
       1.000437
       1.000403
       1.000371
       1.000341
       1.000314
       1.000289
       1.000265
       1.000243
       1.000223
       1.000205
       1.000188
       1.000172
       1.000158
       1.000145
       1.000132
       1.000121
       1.000111
       1.000101
       1.000092
       1.000084
       1.000077
        1.00007
       1.000064
       1.000058
       1.000053
       1.000048
       1.000044
        1.00004
       1.000036
       1.000033
        1.00003
       1.000027
       1.000025
       1.000022
        1.00002
       1.000018
       1.000017
       1.000015
       1.000013
       1.000012
       1.000011
        1.00001
       1.000009
       1.000008
       1.000007
       1.000007
       1.000006
       1.000005
       1.000005
       1.000004
       1.000004
       1.000003
       1.000003
       1.000003
       1.000002
       1.000002
       1.000002
       1.000002
       1.000002
       1.000001
       1.000001
       1.000001
       1.000001
       1.000001
       1.000001
       1.000001
       1.000001
       1.000001
       1.000001
              1
              1
              1
              1
              1
              1
              1
              1
              1
              1
              1
              1
              1
              1
              1
              1
              1
              1
              1
              1
              1
              1
              1
              1
              1
              1
              1
              1
              1
              1
              1
              1
              1
              1
              1
              1
              1
              1
              1
              1
              1
              1
              1
              1
              1
              1
              1
              1
              1
              1
              1
              1
              1
              1
              1
              1
              1
              1
              1
              1
              1
              1
              1
              1
              1
              1
              1
              1
              1
              1
              1
              1
              1
              1
              1
              1
              1
              1
              1
              1
              1
              1
              1
              1
              1
              1
              1
              1
              1
              1
              1
              1
              1
              1
              1
              1
              1
              1
              1
              1
              1
              1
              1
              1
              1
              1
              1
              1
              1
              1
              1
              1
              1
              1
              1
              1
              1
              1
              1
              1
              1
              1
              1
              1
              1
              1
              1
              1
              1
              1
              1
              1
              1
              1
              1
              1
              1
              1
              1
              1
              1
              1
              1
              1
              1
              1
              1
              1
              1
              1
              1
              1
              1
              1
              1
              1
              1
              1
              1
              1
              1
              1
              1
              1
              1
              1
              1
              1
              1
              1
              1
              1
              1
              1
              1
              1
              1
              1
              1
              1
              1
              1
              1
              1
