             50
       1.000013
       1.000014
       1.000015
       1.000016
       1.000017
       1.000018
       1.000019
       1.000021
       1.000022
       1.000023
       1.000025
       1.000026
       1.000028
        1.00003
       1.000031
       1.000033
       1.000035
       1.000037
        1.00004
       1.000042
       1.000045
       1.000047
        1.00005
       1.000053
       1.000056
       1.000059
       1.000063
       1.000067
        1.00007
       1.000074
       1.000079
       1.000083
       1.000088
       1.000093
       1.000099
       1.000104
        1.00011
       1.000116
       1.000123
        1.00013
       1.000137
       1.000145
       1.000153
       1.000161
        1.00017
       1.000179
       1.000189
       1.000199
        1.00021
       1.000222
       1.000234
       1.000246
       1.000259
       1.000273
       1.000288
       1.000303
       1.000319
       1.000336
       1.000354
       1.000372
       1.000392
       1.000412
       1.000433
       1.000456
       1.000479
       1.000504
       1.000529
       1.000556
       1.000584
       1.000614
       1.000645
       1.000677
       1.000711
       1.000746
       1.000783
       1.000822
       1.000862
       1.000904
       1.000948
       1.000994
       1.001043
       1.001093
       1.001145
         1.0012
       1.001257
       1.001317
       1.001379
       1.001444
       1.001512
       1.001582
       1.001656
       1.001732
       1.001812
       1.001895
       1.001982
       1.002073
       1.002167
       1.002265
       1.002366
       1.002473
       1.002583
       1.002698
       1.002817
       1.002941
        1.00307
       1.003205
       1.003344
       1.003489
        1.00364
       1.003796
       1.003958
       1.004127
       1.004302
       1.004484
       1.004672
       1.004868
       1.005071
       1.005281
         1.0055
       1.005726
        1.00596
       1.006203
       1.006455
       1.006716
       1.006986
       1.007266
       1.007555
       1.007855
       1.008165
       1.008486
       1.008818
       1.009161
       1.009516
       1.009883
       1.010263
       1.010655
        1.01106
       1.011479
       1.011911
       1.012358
       1.012819
       1.013295
       1.013786
       1.014293
       1.014816
       1.015356
       1.015912
       1.016486
       1.017077
       1.017687
       1.018315
       1.018962
       1.019629
       1.020315
       1.021022
        1.02175
         1.0225
       1.023271
       1.024064
        1.02488
       1.025719
       1.026582
        1.02747
       1.028382
        1.02932
       1.030283
       1.031272
       1.032289
       1.033333
       1.034404
       1.035505
       1.036634
       1.037792
       1.038981
         1.0402
       1.041451
       1.042733
       1.044047
       1.045394
       1.046775
       1.048189
       1.049638
       1.051122
       1.052641
       1.054197
       1.055789
       1.057418
       1.059085
        1.06079
       1.062535
       1.064318
       1.066142
       1.068006
       1.069911
       1.071857
       1.073845
       1.075876
        1.07795
       1.080068
        1.08223
       1.084436
       1.086687
       1.088984
       1.091326
       1.093716
       1.096152
       1.098635
       1.101166
       1.103745
       1.106373
        1.10905
       1.111776
       1.114552
       1.117378
       1.120255
       1.123182
       1.126161
       1.129191
       1.132273
       1.135407
       1.138593
       1.141831
       1.145123
       1.148467
       1.151865
       1.155316
       1.158821
       1.162379
       1.165991
       1.169657
       1.173378
       1.177152
        1.18098
       1.184863
         1.1888
       1.192791
       1.196837
       1.200937
        1.20509
       1.209298
        1.21356
       1.217875
       1.222244
       1.226667
       1.231142
       1.235671
       1.240253
       1.244887
       1.249573
       1.254312
       1.259102
       1.263943
       1.268835
       1.273777
        1.27877
       1.283812
       1.288903
       1.294044
       1.299232
       1.304467
        1.30975
        1.31508
       1.320455
       1.325875
        1.33134
        1.33685
       1.342402
       1.347997
       1.353634
       1.359311
        1.36503
       1.370788
       1.376584
       1.382419
        1.38829
       1.394198
       1.400141
       1.406119
        1.41213
       1.418174
        1.42425
       1.430356
       1.436492
       1.442657
        1.44885
        1.45507
       1.461315
       1.467585
       1.473879
       1.480195
       1.486533
       1.492892
        1.49927
       1.505666
        1.51208
        1.51851
       1.524954
       1.531413
       1.537885
       1.544368
       1.550861
       1.557364
       1.563876
       1.570394
       1.576919
       1.583448
       1.589981
       1.596517
       1.603054
       1.609591
       1.616128
       1.622663
       1.629194
       1.635722
       1.642244
        1.64876
       1.655268
       1.661768
       1.668258
       1.674738
       1.681205
        1.68766
       1.694101
       1.700527
       1.706937
        1.71333
       1.719706
       1.726062
       1.732398
       1.738714
       1.745008
       1.751279
       1.757527
        1.76375
       1.769947
       1.776119
       1.782263
       1.788379
       1.794467
       1.800525
       1.806553
        1.81255
       1.818515
       1.824447
       1.830346
       1.836211
       1.842042
       1.847838
       1.853597
        1.85932
       1.865007
       1.870655
       1.876265
       1.881837
        1.88737
       1.892863
       1.898315
       1.903728
       1.909099
       1.914428
       1.919716
       1.924962
       1.930165
       1.935325
       1.940443
       1.945516
       1.950546
       1.955532
       1.960474
       1.965371
       1.970223
       1.975031
       1.979793
       1.984511
       1.989183
       1.993809
        1.99839
       2.002925
       2.007414
       2.011858
       2.016256
       2.020607
       2.024913
       2.029173
       2.033387
       2.037555
       2.041677
       2.045753
       2.049783
       2.053767
       2.057706
       2.061598
       2.065445
       2.069247
       2.073003
       2.076714
       2.080379
       2.083999
       2.087574
       2.091104
        2.09459
        2.09803
       2.101426
       2.104778
       2.108085
       2.111348
       2.114566
       2.117741
       2.120872
       2.123959
       2.127003
       2.130003
        2.13296
       2.135874
       2.138744
       2.141571
       2.144356
       2.147098
       2.149797
       2.152453
       2.155067
       2.157638
       2.160167
       2.162654
       2.165098
         2.1675
        2.16986
       2.172178
       2.174453
       2.176687
       2.178878
       2.181027
       2.183134
       2.185198
       2.187221
       2.189201
       2.191139
       2.193034
       2.194886
       2.196696
       2.198464
       2.200188
       2.201869
       2.203507
       2.205102
       2.206653
        2.20816
       2.209623
       2.211042
       2.212417
       2.213747
       2.215032
       2.216272
       2.217467
       2.218615
       2.219718
       2.220774
       2.221783
       2.222745
        2.22366
       2.224527
       2.225346
       2.226115
       2.226836
       2.227508
       2.228129
         2.2287
        2.22922
       2.229689
       2.230106
        2.23047
       2.230782
       2.231041
       2.231245
       2.231396
       2.231491
       2.231531
       2.231515
       2.231442
       2.231313
       2.231125
       2.230879
       2.230575
       2.230211
       2.229787
       2.229302
       2.228756
       2.228149
       2.227479
       2.226746
       2.225949
       2.225088
       2.224163
       2.223172
       2.222115
       2.220991
       2.219801
       2.218542
       2.217215
        2.21582
       2.214355
        2.21282
       2.211214
       2.209537
       2.207789
       2.205968
       2.204075
       2.202109
       2.200069
       2.197954
       2.195766
       2.193502
       2.191163
       2.188748
       2.186256
       2.183688
       2.181043
       2.178321
       2.175521
       2.172643
       2.169686
       2.166651
       2.163538
       2.160345
       2.157073
       2.153721
        2.15029
        2.14678
       2.143189
       2.139519
       2.135769
       2.131939
       2.128029
       2.124039
        2.11997
        2.11582
       2.111592
       2.107283
       2.102895
       2.098429
       2.093883
       2.089259
       2.084557
       2.079777
       2.074919
       2.069984
       2.064973
       2.059885
       2.054721
       2.049482
       2.044169
       2.038782
       2.033321
       2.027787
       2.022181
       2.016504
       2.010756
       2.004939
       1.999052
       1.993098
       1.987076
       1.980988
       1.974834
       1.968616
       1.962335
       1.955991
       1.949587
       1.943122
       1.936598
       1.930016
       1.923377
       1.916683
       1.909935
       1.903134
       1.896281
       1.889378
       1.882425
       1.875426
        1.86838
       1.861289
       1.854155
       1.846979
       1.839763
       1.832508
       1.825215
       1.817887
       1.810524
       1.803129
       1.795702
       1.788247
       1.780763
       1.773253
       1.765718
        1.75816
       1.750581
       1.742983
       1.735366
       1.727733
       1.720086
       1.712426
       1.704754
       1.697074
       1.689385
        1.68169
       1.673991
        1.66629
       1.658587
       1.650886
       1.643187
       1.635491
       1.627802
       1.620121
       1.612448
       1.604787
       1.597138
       1.589503
       1.581884
       1.574282
       1.566699
       1.559137
       1.551597
       1.544081
       1.536591
       1.529126
       1.521691
       1.514285
        1.50691
       1.499568
        1.49226
       1.484987
       1.477752
       1.470554
       1.463396
       1.456279
       1.449204
       1.442172
       1.435185
       1.428244
       1.421349
       1.414503
       1.407705
       1.400958
       1.394262
       1.387618
       1.381028
       1.374491
        1.36801
       1.361585
       1.355217
       1.348906
       1.342653
        1.33646
       1.330327
       1.324255
       1.318243
       1.312294
       1.306407
       1.300583
       1.294823
       1.289127
       1.283495
       1.277928
       1.272427
       1.266991
       1.261622
       1.256319
       1.251082
       1.245913
        1.24081
       1.235775
       1.230807
       1.225906
       1.221074
       1.216309
       1.211611
       1.206981
       1.202419
       1.197925
       1.193498
       1.189138
       1.184846
       1.180621
       1.176462
       1.172371
       1.168346
       1.164387
       1.160494
       1.156667
       1.152905
       1.149207
       1.145575
       1.142007
       1.138502
       1.135061
       1.131682
       1.128367
       1.125113
        1.12192
       1.118789
       1.115718
       1.112706
       1.109754
       1.106861
       1.104026
       1.101249
       1.098528
       1.095864
       1.093256
       1.090702
       1.088203
       1.085758
       1.083366
       1.081026
       1.078738
       1.076502
       1.074315
       1.072178
       1.070091
       1.068051
       1.066059
       1.064114
       1.062216
       1.060362
       1.058554
       1.056789
       1.055068
       1.053389
       1.051752
       1.050156
       1.048601
       1.047086
       1.045609
       1.044171
        1.04277
       1.041407
       1.040079
       1.038787
        1.03753
       1.036307
       1.035118
       1.033961
       1.032836
       1.031743
       1.030681
       1.029648
       1.028646
       1.027672
       1.026726
       1.025808
       1.024916
       1.024052
       1.023212
       1.022398
       1.021609
       1.020843
       1.020101
       1.019382
       1.018685
        1.01801
       1.017356
       1.016722
       1.016109
       1.015515
       1.014941
       1.014385
       1.013847
       1.013326
       1.012823
       1.012337
       1.011867
       1.011412
       1.010973
       1.010549
       1.010139
       1.009743
       1.009361
       1.008993
       1.008637
       1.008294
       1.007963
       1.007643
       1.007335
       1.007038
       1.006752
       1.006477
       1.006211
       1.005955
       1.005709
       1.005471
       1.005243
       1.005023
       1.004812
       1.004608
       1.004412
       1.004224
       1.004043
       1.003869
       1.003702
       1.003541
       1.003387
       1.003239
       1.003096
        1.00296
       1.002829
       1.002703
       1.002582
       1.002466
       1.002355
       1.002249
       1.002146
       1.002049
       1.001955
       1.001865
       1.001779
       1.001696
       1.001618
       1.001542
        1.00147
         1.0014
       1.001334
       1.001271
        1.00121
       1.001153
       1.001097
       1.001044
       1.000994
       1.000946
         1.0009
       1.000855
       1.000813
       1.000773
       1.000735
       1.000699
       1.000664
       1.000631
       1.000599
       1.000569
        1.00054
       1.000512
       1.000486
       1.000461
       1.000438
       1.000415
       1.000394
       1.000373
       1.000354
       1.000335
       1.000318
       1.000301
       1.000285
        1.00027
       1.000256
       1.000242
       1.000229
       1.000217
       1.000205
       1.000194
       1.000183
       1.000173
       1.000164
       1.000155
       1.000146
       1.000138
       1.000131
       1.000123
       1.000116
        1.00011
       1.000104
       1.000098
       1.000092
       1.000087
       1.000082
       1.000077
       1.000073
       1.000069
       1.000065
       1.000061
       1.000058
       1.000054
       1.000051
       1.000048
       1.000045
       1.000043
        1.00004
       1.000038
       1.000035
       1.000033
       1.000031
       1.000029
       1.000028
       1.000026
       1.000024
       1.000023
       1.000021
        1.00002
       1.000019
       1.000018
       1.000017
       1.000016
       1.000015
       1.000014
       1.000013
       1.000012
       1.000011
       1.000011
        1.00001
       1.000009
       1.000009
       1.000008
       1.000008
       1.000007
       1.000007
       1.000006
       1.000006
       1.000005
       1.000005
       1.000005
       1.000004
       1.000004
       1.000004
       1.000004
       1.000003
       1.000003
       1.000003
       1.000003
       1.000003
       1.000002
       1.000002
       1.000002
       1.000002
       1.000002
       1.000002
       1.000002
       1.000002
       1.000002
       1.000001
       1.000001
       1.000001
       1.000001
       1.000001
       1.000001
       1.000001
       1.000001
       1.000001
       1.000001
       1.000001
       1.000001
       1.000001
       1.000001
       1.000001
       1.000001
       1.000001
       1.000001
       1.000001
       1.000001
       1.000001
       1.000001
       1.000001
       1.000001
       1.000001
       1.000001
       1.000001
       1.000001
       1.000001
       1.000001
       1.000002
       1.000002
       1.000002
       1.000002
       1.000002
       1.000002
       1.000002
       1.000002
       1.000002
       1.000003
       1.000003
       1.000003
       1.000003
       1.000003
       1.000004
       1.000004
       1.000004
       1.000004
       1.000005
       1.000005
       1.000005
       1.000006
       1.000006
       1.000006
       1.000007
       1.000007
       1.000008
       1.000008
       1.000009
       1.000009
        1.00001
       1.000011
       1.000011
       1.000012
       1.000013
