              1
       1.088997
       1.089096
       1.089268
       1.089509
       1.089818
       1.090193
       1.090631
       1.091128
       1.091681
       1.092286
       1.092938
       1.093634
        1.09437
       1.095142
       1.095945
       1.096778
       1.097636
       1.098516
       1.099417
       1.100335
       1.101269
       1.102217
       1.103179
       1.104151
       1.105135
       1.106128
        1.10713
       1.108142
       1.109162
        1.11019
       1.111226
        1.11227
       1.113322
       1.114382
       1.115449
       1.116525
       1.117607
       1.118698
       1.119796
       1.120903
       1.122017
       1.123138
       1.124268
       1.125405
       1.126551
       1.127704
       1.128865
       1.130034
       1.131212
       1.132397
        1.13359
       1.134791
       1.136001
       1.137218
       1.138444
       1.139677
       1.140919
        1.14217
       1.143428
       1.144695
       1.145969
       1.147253
       1.148544
       1.149844
       1.151152
       1.152469
       1.153794
       1.155127
       1.156469
       1.157819
       1.159178
       1.160545
       1.161921
       1.163305
       1.164698
         1.1661
        1.16751
       1.168928
       1.170355
       1.171791
       1.173236
       1.174689
       1.176151
       1.177621
         1.1791
       1.180588
       1.182085
        1.18359
       1.185105
       1.186627
       1.188159
         1.1897
       1.191249
       1.192807
       1.194374
       1.195949
       1.197534
       1.199127
       1.200729
       1.202341
        1.20396
       1.205589
       1.207227
       1.208873
       1.210529
       1.212193
       1.213866
       1.215548
       1.217239
       1.218939
       1.220648
       1.222366
       1.224092
       1.225828
       1.227572
       1.229325
       1.231087
       1.232858
       1.234638
       1.236427
       1.238225
       1.240031
       1.241847
       1.243671
       1.245504
       1.247346
       1.249197
       1.251057
       1.252925
       1.254803
       1.256689
       1.258584
       1.260488
         1.2624
       1.264321
       1.266252
        1.26819
       1.270138
       1.272094
       1.274059
       1.276033
       1.278015
       1.280006
       1.282005
       1.284014
        1.28603
       1.288056
        1.29009
       1.292132
       1.294183
       1.296242
        1.29831
       1.300386
       1.302471
       1.304564
       1.306666
       1.308775
       1.310894
        1.31302
       1.315155
       1.317298
       1.319449
       1.321608
       1.323775
       1.325951
       1.328134
       1.330326
       1.332525
       1.334733
       1.336948
       1.339172
       1.341403
       1.343642
       1.345889
       1.348143
       1.350405
       1.352675
       1.354953
       1.357238
       1.359531
       1.361831
       1.364138
       1.366453
       1.368776
       1.371105
       1.373442
       1.375786
       1.378138
       1.380496
       1.382862
       1.385234
       1.387613
           1.39
       1.392393
       1.394793
         1.3972
       1.399613
       1.402034
        1.40446
       1.406893
       1.409333
       1.411779
       1.414232
        1.41669
       1.419155
       1.421627
       1.424104
       1.426587
       1.429076
       1.431572
       1.434073
       1.436579
       1.439092
        1.44161
       1.444134
       1.446663
       1.449198
       1.451738
       1.454283
       1.456834
       1.459389
        1.46195
       1.464516
       1.467087
       1.469662
       1.472243
       1.474828
       1.477417
       1.480012
        1.48261
       1.485213
       1.487821
       1.490432
       1.493048
       1.495668
       1.498292
       1.500919
       1.503551
       1.506186
       1.508825
       1.511467
       1.514113
       1.516762
       1.519415
        1.52207
       1.524729
       1.527391
       1.530055
       1.532723
       1.535393
       1.538066
       1.540742
        1.54342
         1.5461
       1.548783
       1.551467
       1.554154
       1.556843
       1.559533
       1.562226
        1.56492
       1.567616
       1.570313
       1.573011
       1.575711
       1.578412
       1.581114
       1.583817
       1.586521
       1.589226
       1.591931
       1.594637
       1.597344
        1.60005
       1.602757
       1.605464
       1.608171
       1.610878
       1.613585
       1.616291
       1.618997
       1.621703
       1.624408
       1.627112
       1.629815
       1.632518
       1.635219
       1.637919
       1.640617
       1.643315
        1.64601
       1.648705
       1.651397
       1.654087
       1.656776
       1.659462
       1.662146
       1.664828
       1.667507
       1.670184
       1.672858
       1.675529
       1.678197
       1.680863
       1.683525
       1.686183
       1.688839
       1.691491
       1.694139
       1.696783
       1.699424
        1.70206
       1.704693
       1.707321
       1.709945
       1.712564
       1.715179
       1.717788
       1.720394
       1.722994
       1.725589
       1.728178
       1.730763
       1.733342
       1.735915
       1.738483
       1.741045
       1.743601
       1.746151
       1.748694
       1.751231
       1.753762
       1.756287
       1.758804
       1.761315
       1.763819
       1.766316
       1.768805
       1.771287
       1.773762
        1.77623
       1.778689
       1.781141
       1.783585
       1.786021
       1.788449
       1.790868
       1.793279
       1.795681
       1.798075
        1.80046
       1.802836
       1.805204
       1.807562
        1.80991
        1.81225
       1.814579
         1.8169
        1.81921
       1.821511
       1.823801
       1.826082
       1.828352
       1.830612
       1.832862
       1.835101
       1.837329
       1.839546
       1.841753
       1.843948
       1.846133
       1.848306
       1.850467
       1.852617
       1.854756
       1.856883
       1.858997
         1.8611
       1.863191
        1.86527
       1.867336
        1.86939
       1.871431
        1.87346
       1.875476
       1.877479
        1.87947
       1.881447
        1.88341
       1.885361
       1.887298
       1.889222
       1.891132
       1.893028
       1.894911
       1.896779
       1.898634
       1.900474
       1.902301
       1.904112
        1.90591
       1.907693
       1.909461
       1.911214
       1.912953
       1.914677
       1.916385
       1.918079
       1.919757
        1.92142
       1.923068
         1.9247
       1.926316
       1.927917
       1.929502
       1.931071
       1.932624
       1.934161
       1.935682
       1.937186
       1.938675
       1.940147
       1.941602
       1.943041
       1.944463
       1.945869
       1.947257
       1.948629
       1.949984
       1.951322
       1.952642
       1.953946
       1.955232
       1.956501
       1.957752
       1.958986
       1.960202
       1.961401
       1.962582
       1.963745
        1.96489
       1.966017
       1.967127
       1.968218
       1.969291
       1.970346
       1.971383
       1.972401
       1.973402
       1.974383
       1.975346
       1.976291
       1.977217
       1.978125
       1.979013
       1.979883
       1.980734
       1.981567
        1.98238
       1.983175
        1.98395
       1.984707
       1.985444
       1.986162
       1.986861
       1.987541
       1.988202
       1.988843
       1.989465
       1.990067
       1.990651
       1.991214
       1.991758
       1.992283
       1.992788
       1.993274
        1.99374
       1.994186
       1.994613
        1.99502
       1.995408
       1.995775
       1.996123
       1.996451
        1.99676
       1.997048
       1.997317
       1.997566
       1.997795
       1.998004
       1.998193
       1.998363
       1.998512
       1.998642
       1.998751
       1.998841
       1.998911
       1.998961
       1.998991
       1.999001
       1.998991
       1.998961
       1.998911
       1.998841
       1.998752
       1.998642
       1.998512
       1.998363
       1.998194
       1.998004
       1.997795
       1.997566
       1.997317
       1.997049
        1.99676
       1.996452
       1.996124
       1.995776
       1.995408
       1.995021
       1.994614
       1.994187
       1.993741
       1.993275
       1.992789
       1.992284
       1.991759
       1.991215
       1.990651
       1.990068
       1.989466
       1.988844
       1.988203
       1.987542
       1.986862
       1.986163
       1.985445
       1.984708
       1.983951
       1.983176
       1.982381
       1.981568
       1.980736
       1.979885
       1.979015
       1.978126
       1.977219
       1.976293
       1.975348
       1.974385
       1.973403
       1.972403
       1.971385
       1.970348
       1.969293
        1.96822
       1.967128
       1.966019
       1.964892
       1.963747
       1.962583
       1.961403
       1.960204
       1.958988
       1.957754
       1.956503
       1.955234
       1.953948
       1.952644
       1.951324
       1.949986
       1.948631
       1.947259
       1.945871
       1.944465
       1.943043
       1.941604
       1.940149
       1.938677
       1.937189
       1.935684
       1.934163
       1.932626
       1.931073
       1.929504
       1.927919
       1.926318
       1.924702
        1.92307
       1.921422
        1.91976
       1.918081
       1.916388
       1.914679
       1.912956
       1.911217
       1.909464
       1.907695
       1.905913
       1.904115
       1.902303
       1.900477
       1.898637
       1.896782
       1.894914
       1.893031
       1.891135
       1.889225
       1.887301
       1.885364
       1.883413
       1.881449
       1.879472
       1.877482
       1.875479
       1.873463
       1.871434
       1.869393
       1.867339
       1.865273
       1.863194
       1.861103
          1.859
       1.856886
       1.854759
        1.85262
        1.85047
       1.848309
       1.846136
       1.843951
       1.841756
       1.839549
       1.837332
       1.835104
       1.832865
       1.830615
       1.828355
       1.826085
       1.823805
       1.821514
       1.819213
       1.816903
       1.814583
       1.812253
       1.809914
       1.807565
       1.805207
        1.80284
       1.800464
       1.798079
       1.795685
       1.793282
       1.790871
       1.788452
       1.786024
       1.783588
       1.781144
       1.778693
       1.776233
       1.773766
       1.771291
       1.768808
       1.766319
       1.763822
       1.761318
       1.758807
        1.75629
       1.753766
       1.751235
       1.748697
       1.746154
       1.743604
       1.741048
       1.738486
       1.735919
       1.733345
       1.730766
       1.728182
       1.725592
       1.722997
       1.720397
       1.717792
       1.715182
       1.712567
       1.709948
       1.707324
       1.704696
       1.702063
       1.699427
       1.696786
       1.694142
       1.691494
       1.688842
       1.686187
       1.683528
       1.680866
       1.678201
       1.675532
       1.672861
       1.670187
        1.66751
       1.664831
       1.662149
       1.659465
       1.656779
        1.65409
         1.6514
       1.648708
       1.646014
       1.643318
        1.64062
       1.637922
       1.635222
       1.632521
       1.629818
       1.627115
       1.624411
       1.621706
          1.619
       1.616294
       1.613588
       1.610881
       1.608174
       1.605467
        1.60276
       1.600053
       1.597346
        1.59464
       1.591934
       1.589229
       1.586524
        1.58382
       1.581117
       1.578415
       1.575714
       1.573014
       1.570316
       1.567618
       1.564923
       1.562229
       1.559536
       1.556845
       1.554157
        1.55147
       1.548785
       1.546102
       1.543422
       1.540744
       1.538069
       1.535396
       1.532726
       1.530058
       1.527393
       1.524731
       1.522073
       1.519417
       1.516764
       1.514115
       1.511469
       1.508827
       1.506188
       1.503553
       1.500922
       1.498294
        1.49567
        1.49305
       1.490435
       1.487823
       1.485216
       1.482612
       1.480014
        1.47742
        1.47483
       1.472245
       1.469664
       1.467089
       1.464518
       1.461952
       1.459391
       1.456836
       1.454285
        1.45174
         1.4492
       1.446665
       1.444136
       1.441612
       1.439094
       1.436581
       1.434074
       1.431573
       1.429078
       1.426589
       1.424106
       1.421628
       1.419157
       1.416692
       1.414233
       1.411781
       1.409335
       1.406895
       1.404462
       1.402035
       1.399615
       1.397201
       1.394795
       1.392395
       1.390001
       1.387615
       1.385235
       1.382863
       1.380497
       1.378139
       1.375788
       1.373444
       1.371107
       1.368777
       1.366455
        1.36414
       1.361832
       1.359532
       1.357239
       1.354954
       1.352676
       1.350407
       1.348144
        1.34589
       1.343643
       1.341404
       1.339173
       1.336949
       1.334734
       1.332526
       1.330327
       1.328135
       1.325952
       1.323776
       1.321609
       1.319449
       1.317298
       1.315155
       1.313021
       1.310894
       1.308776
       1.306666
       1.304565
       1.302472
       1.300387
       1.298311
       1.296243
       1.294183
       1.292133
        1.29009
       1.288056
       1.286031
       1.284014
       1.282006
       1.280006
       1.278015
       1.276033
       1.274059
       1.272095
       1.270138
       1.268191
       1.266252
       1.264322
       1.262401
       1.260488
       1.258584
       1.256689
       1.254803
       1.252926
       1.251057
       1.249197
       1.247346
       1.245504
       1.243671
       1.241847
       1.240031
       1.238225
       1.236427
       1.234638
       1.232858
       1.231087
       1.229325
       1.227572
       1.225828
       1.224092
       1.222366
       1.220648
       1.218939
       1.217239
       1.215548
       1.213866
       1.212193
       1.210529
       1.208873
       1.207227
       1.205589
        1.20396
        1.20234
       1.200729
       1.199127
       1.197534
       1.195949
       1.194373
       1.192807
       1.191249
       1.189699
       1.188159
       1.186627
       1.185104
        1.18359
       1.182085
       1.180588
         1.1791
       1.177621
        1.17615
       1.174689
       1.173235
       1.171791
       1.170355
       1.168928
       1.167509
       1.166099
       1.164698
       1.163305
       1.161921
       1.160545
       1.159178
       1.157819
       1.156468
       1.155127
       1.153793
       1.152468
       1.151152
       1.149843
       1.148544
       1.147252
       1.145969
       1.144694
       1.143427
       1.142169
       1.140919
       1.139677
       1.138443
       1.137217
          1.136
       1.134791
       1.133589
       1.132396
       1.131211
       1.130034
       1.128865
       1.127703
        1.12655
       1.125405
       1.124267
       1.123138
       1.122016
       1.120902
       1.119796
       1.118698
       1.117607
       1.116525
        1.11545
       1.114383
       1.113324
       1.112273
        1.11123
       1.110195
       1.109168
       1.108151
       1.107142
       1.106142
       1.105153
       1.104174
       1.103206
       1.102251
       1.101309
       1.100381
        1.09947
       1.098577
       1.097705
       1.096855
        1.09603
       1.095233
       1.094467
       1.093736
       1.093042
       1.092391
       1.091785
       1.091229
       1.090726
        1.09028
       1.089895
       1.089573
       1.089317
       1.089131
       1.089014
       1.088969
