             20
              1
              1
              1
              1
              1
              1
              1
              1
              1
              1
              1
              1
              1
              1
              1
              1
              1
              1
              1
              1
              1
              1
              1
              1
              1
              1
              1
              1
              1
              1
              1
              1
              1
              1
              1
              1
              1
              1
              1
              1
              1
              1
              1
              1
              1
              1
              1
              1
              1
              1
              1
              1
              1
              1
              1
              1
              1
              1
              1
              1
              1
              1
              1
              1
              1
              1
              1
              1
              1
              1
              1
              1
              1
              1
              1
              1
              1
              1
       1.000001
       1.000001
       1.000001
       1.000001
       1.000001
       1.000001
       1.000001
       1.000001
       1.000001
       1.000001
       1.000002
       1.000002
       1.000002
       1.000002
       1.000002
       1.000003
       1.000003
       1.000003
       1.000004
       1.000004
       1.000004
       1.000005
       1.000005
       1.000006
       1.000007
       1.000007
       1.000008
       1.000009
        1.00001
       1.000011
       1.000012
       1.000013
       1.000014
       1.000016
       1.000017
       1.000019
       1.000021
       1.000023
       1.000025
       1.000028
        1.00003
       1.000033
       1.000037
        1.00004
       1.000044
       1.000048
       1.000053
       1.000058
       1.000063
       1.000069
       1.000075
       1.000082
        1.00009
       1.000098
       1.000107
       1.000116
       1.000127
       1.000138
        1.00015
       1.000164
       1.000178
       1.000193
        1.00021
       1.000228
       1.000248
       1.000269
       1.000292
       1.000317
       1.000343
       1.000372
       1.000402
       1.000436
       1.000471
        1.00051
       1.000551
       1.000595
       1.000643
       1.000694
       1.000749
       1.000808
       1.000871
       1.000939
       1.001011
       1.001088
       1.001171
        1.00126
       1.001355
       1.001456
       1.001565
        1.00168
       1.001804
       1.001935
       1.002075
       1.002225
       1.002384
       1.002553
       1.002733
       1.002925
       1.003129
       1.003345
       1.003575
       1.003819
       1.004078
       1.004352
       1.004643
       1.004951
       1.005278
       1.005623
       1.005989
       1.006376
       1.006784
       1.007216
       1.007671
       1.008153
        1.00866
       1.009195
       1.009759
       1.010353
       1.010979
       1.011637
       1.012329
       1.013058
       1.013823
       1.014626
        1.01547
       1.016356
       1.017285
       1.018259
       1.019279
       1.020348
       1.021467
       1.022638
       1.023863
       1.025143
       1.026481
       1.027878
       1.029337
       1.030859
       1.032446
         1.0341
       1.035824
       1.037619
       1.039488
       1.041432
       1.043453
       1.045555
       1.047738
       1.050005
       1.052358
       1.054799
        1.05733
       1.059953
       1.062671
       1.065484
       1.068396
       1.071409
       1.074523
       1.077742
       1.081066
       1.084499
       1.088041
       1.091695
       1.095461
       1.099343
        1.10334
       1.107456
       1.111691
       1.116046
       1.120523
       1.125124
       1.129848
       1.134698
       1.139674
       1.144777
       1.150007
       1.155366
       1.160854
       1.166471
       1.172217
       1.178093
       1.184099
       1.190235
         1.1965
       1.202894
       1.209417
       1.216067
       1.222845
        1.22975
        1.23678
       1.243934
       1.251211
        1.25861
       1.266128
       1.273765
       1.281519
       1.289387
       1.297367
       1.305457
       1.313655
       1.321958
       1.330364
        1.33887
       1.347472
       1.356169
       1.364956
        1.37383
       1.382789
       1.391828
       1.400944
       1.410134
       1.419393
       1.428718
       1.438105
        1.44755
       1.457048
       1.466596
        1.47619
       1.485824
       1.495495
       1.505199
       1.514931
       1.524686
        1.53446
       1.544249
       1.554049
       1.563854
       1.573661
       1.583464
        1.59326
       1.603044
       1.612811
       1.622558
        1.63228
       1.641972
       1.651631
       1.661253
       1.670833
       1.680367
       1.689852
       1.699284
       1.708658
       1.717972
       1.727222
       1.736404
       1.745515
       1.754551
       1.763511
        1.77239
       1.781186
       1.789896
       1.798517
       1.807048
       1.815485
       1.823826
        1.83207
       1.840215
       1.848258
       1.856198
       1.864033
       1.871762
       1.879384
       1.886898
       1.894302
       1.901596
       1.908779
        1.91585
       1.922809
       1.929655
       1.936389
       1.943011
       1.949519
       1.955915
       1.962198
        1.96837
       1.974429
       1.980378
       1.986217
       1.991946
       1.997566
       2.003079
       2.008485
       2.013785
       2.018981
       2.024073
       2.029064
       2.033955
       2.038746
        2.04344
       2.048038
       2.052542
       2.056953
       2.061274
       2.065505
       2.069648
       2.073706
        2.07768
       2.081572
       2.085384
       2.089118
       2.092775
       2.096358
       2.099868
       2.103307
       2.106678
       2.109982
        2.11322
       2.116395
       2.119509
       2.122564
       2.125561
       2.128501
       2.131388
       2.134223
       2.137007
       2.139741
       2.142429
       2.145071
        2.14767
       2.150225
       2.152741
       2.155216
       2.157654
       2.160056
       2.162423
       2.164756
       2.167058
       2.169328
       2.171569
       2.173781
       2.175966
       2.178126
        2.18026
       2.182371
       2.184459
       2.186525
       2.188571
       2.190597
       2.192604
       2.194593
       2.196565
       2.198521
       2.200461
       2.202386
       2.204297
       2.206195
       2.208079
       2.209952
       2.211813
       2.213663
       2.215502
       2.217331
       2.219151
       2.220961
       2.222763
       2.224556
       2.226341
       2.228118
       2.229888
       2.231651
       2.233406
       2.235155
       2.236897
       2.238633
       2.240363
       2.242086
       2.243804
       2.245515
        2.24722
        2.24892
       2.250613
       2.252301
       2.253983
       2.255658
       2.257328
       2.258991
       2.260647
       2.262297
        2.26394
       2.265576
       2.267204
       2.268825
       2.270438
       2.272043
       2.273639
       2.275225
       2.276803
        2.27837
       2.279927
       2.281473
       2.283007
       2.284529
       2.286038
       2.287533
       2.289015
       2.290481
       2.291932
       2.293366
       2.294783
       2.296181
        2.29756
       2.298919
       2.300256
       2.301571
       2.302862
       2.304129
       2.305369
       2.306582
       2.307767
       2.308921
       2.310044
       2.311134
       2.312189
       2.313208
        2.31419
       2.315131
       2.316032
       2.316889
       2.317701
       2.318466
       2.319183
       2.319848
        2.32046
       2.321016
       2.321515
       2.321954
       2.322331
       2.322643
       2.322888
       2.323064
       2.323167
       2.323195
       2.323146
       2.323017
       2.322805
       2.322508
       2.322121
       2.321644
       2.321072
       2.320402
       2.319633
        2.31876
       2.317781
       2.316693
       2.315492
       2.314176
       2.312741
       2.311185
       2.309503
       2.307695
       2.305755
       2.303681
        2.30147
       2.299119
       2.296625
       2.293986
       2.291197
       2.288256
       2.285161
       2.281909
       2.278497
       2.274922
       2.271182
       2.267274
       2.263196
       2.258946
       2.254521
        2.24992
        2.24514
        2.24018
       2.235038
       2.229713
       2.224202
       2.218505
        2.21262
       2.206547
       2.200284
       2.193832
       2.187189
       2.180355
        2.17333
       2.166115
       2.158708
       2.151111
       2.143325
        2.13535
       2.127186
       2.118837
       2.110301
       2.101583
       2.092682
       2.083602
       2.074344
       2.064912
       2.055306
       2.045532
       2.035591
       2.025486
       2.015223
       2.004803
       1.994231
       1.983511
       1.972647
       1.961644
       1.950506
       1.939238
       1.927846
       1.916333
       1.904706
       1.892971
       1.881131
       1.869194
       1.857166
       1.845051
       1.832857
       1.820589
       1.808254
       1.795858
       1.783408
        1.77091
        1.75837
       1.745797
       1.733195
       1.720572
       1.707934
       1.695289
       1.682642
       1.670002
       1.657373
       1.644764
       1.632181
        1.61963
       1.607118
       1.594651
       1.582235
       1.569878
       1.557585
       1.545362
       1.533215
       1.521151
       1.509174
        1.49729
       1.485505
       1.473824
       1.462252
       1.450794
       1.439456
        1.42824
       1.417153
       1.406197
       1.395378
       1.384699
       1.374164
       1.363775
       1.353537
       1.343453
       1.333525
       1.323756
       1.314148
       1.304704
       1.295425
       1.286314
       1.277372
         1.2686
           1.26
       1.251573
       1.243319
       1.235239
       1.227334
       1.219603
       1.212047
       1.204666
       1.197459
       1.190426
       1.183566
       1.176879
       1.170363
       1.164017
        1.15784
       1.151831
       1.145989
        1.14031
       1.134795
        1.12944
       1.124244
       1.119205
        1.11432
       1.109588
       1.105005
        1.10057
        1.09628
       1.092132
       1.088123
       1.084252
       1.080515
       1.076909
       1.073433
       1.070081
       1.066853
       1.063745
       1.060754
       1.057877
       1.055111
       1.052454
       1.049902
       1.047452
       1.045103
       1.042849
        1.04069
       1.038622
       1.036642
       1.034748
       1.032936
       1.031205
        1.02955
       1.027971
       1.026463
       1.025025
       1.023654
       1.022348
       1.021104
        1.01992
       1.018793
       1.017722
       1.016704
       1.015737
       1.014819
       1.013948
       1.013122
       1.012339
       1.011597
       1.010895
        1.01023
       1.009601
       1.009007
       1.008445
       1.007915
       1.007414
       1.006942
       1.006496
       1.006076
       1.005681
       1.005309
       1.004958
       1.004629
       1.004319
       1.004029
       1.003755
       1.003499
       1.003259
       1.003033
       1.002822
       1.002624
       1.002439
       1.002266
       1.002104
       1.001953
       1.001812
        1.00168
       1.001557
       1.001442
       1.001335
       1.001235
       1.001142
       1.001056
       1.000976
       1.000901
       1.000832
       1.000767
       1.000708
       1.000652
       1.000601
       1.000553
       1.000509
       1.000468
        1.00043
       1.000396
       1.000363
       1.000333
       1.000306
       1.000281
       1.000257
       1.000236
       1.000216
       1.000197
       1.000181
       1.000165
       1.000151
       1.000138
       1.000126
       1.000115
       1.000105
       1.000095
       1.000087
       1.000079
       1.000072
       1.000065
        1.00006
       1.000054
       1.000049
       1.000045
        1.00004
       1.000037
       1.000033
        1.00003
       1.000027
       1.000025
       1.000022
        1.00002
       1.000018
       1.000016
       1.000015
       1.000013
       1.000012
       1.000011
        1.00001
       1.000009
       1.000008
       1.000007
       1.000006
       1.000006
       1.000005
       1.000005
       1.000004
       1.000004
       1.000003
       1.000003
       1.000003
       1.000002
       1.000002
       1.000002
       1.000002
       1.000002
       1.000001
       1.000001
       1.000001
       1.000001
       1.000001
       1.000001
       1.000001
       1.000001
       1.000001
              1
              1
              1
              1
              1
              1
              1
              1
              1
              1
              1
              1
              1
              1
              1
              1
              1
              1
              1
              1
              1
              1
              1
              1
              1
              1
              1
              1
              1
              1
              1
              1
              1
              1
              1
              1
              1
              1
              1
              1
              1
              1
              1
              1
              1
              1
              1
              1
              1
              1
              1
              1
              1
              1
              1
              1
              1
              1
              1
              1
              1
              1
              1
              1
              1
              1
              1
              1
              1
              1
              1
              1
              1
              1
              1
              1
              1
              1
              1
              1
              1
              1
              1
              1
              1
              1
              1
              1
              1
              1
              1
              1
              1
              1
              1
              1
              1
              1
              1
              1
              1
              1
              1
              1
              1
              1
              1
              1
              1
              1
              1
              1
              1
              1
              1
              1
              1
              1
              1
              1
              1
              1
              1
              1
              1
              1
              1
              1
              1
              1
              1
              1
              1
              1
              1
              1
              1
              1
              1
              1
              1
              1
              1
              1
              1
              1
              1
              1
              1
              1
              1
              1
              1
              1
              1
              1
              1
              1
              1
              1
              1
              1
              1
              1
              1
              1
              1
              1
              1
              1
              1
              1
              1
              1
              1
              1
              1
              1
              1
              1
              1
