              0
       1.082909
        1.08374
       1.084577
       1.085421
       1.086272
       1.087129
       1.087994
       1.088865
       1.089743
       1.090627
       1.091519
       1.092417
       1.093323
       1.094235
       1.095155
       1.096081
       1.097015
       1.097956
       1.098904
       1.099859
       1.100821
        1.10179
       1.102767
       1.103751
       1.104743
       1.105741
       1.106747
       1.107761
       1.108782
        1.10981
       1.110846
        1.11189
       1.112941
          1.114
       1.115066
        1.11614
       1.117221
       1.118311
       1.119408
       1.120513
       1.121625
       1.122746
       1.123874
        1.12501
       1.126154
       1.127306
       1.128466
       1.129634
        1.13081
       1.131994
       1.133186
       1.134386
       1.135594
        1.13681
       1.138035
       1.139267
       1.140508
       1.141757
       1.143014
        1.14428
       1.145554
       1.146836
       1.148126
       1.149425
       1.150732
       1.152048
       1.153372
       1.154704
       1.156045
       1.157394
       1.158752
       1.160119
       1.161494
       1.162877
       1.164269
        1.16567
       1.167079
       1.168497
       1.169923
       1.171358
       1.172802
       1.174254
       1.175715
       1.177185
       1.178664
       1.180151
       1.181647
       1.183152
       1.184665
       1.186188
       1.187719
       1.189259
       1.190808
       1.192365
       1.193932
       1.195507
       1.197091
       1.198684
       1.200286
       1.201897
       1.203516
       1.205145
       1.206782
       1.208428
       1.210084
       1.211748
       1.213421
       1.215103
       1.216793
       1.218493
       1.220202
        1.22192
       1.223646
       1.225382
       1.227126
       1.228879
       1.230642
       1.232413
       1.234193
       1.235982
        1.23778
       1.239587
       1.241402
       1.243227
       1.245061
       1.246903
       1.248754
       1.250614
       1.252483
       1.254361
       1.256248
       1.258143
       1.260048
       1.261961
       1.263883
       1.265814
       1.267753
       1.269701
       1.271658
       1.273624
       1.275599
       1.277582
       1.279574
       1.281574
       1.283583
       1.285601
       1.287627
       1.289662
       1.291706
       1.293758
       1.295818
       1.297887
       1.299965
       1.302051
       1.304145
       1.306248
       1.308359
       1.310479
       1.312607
       1.314743
       1.316887
        1.31904
         1.3212
       1.323369
       1.325546
       1.327732
       1.329925
       1.332126
       1.334336
       1.336553
       1.338778
       1.341011
       1.343252
       1.345501
       1.347757
       1.350022
       1.352294
       1.354573
       1.356861
       1.359155
       1.361458
       1.363768
       1.366085
        1.36841
       1.370742
       1.373081
       1.375427
       1.377781
       1.380142
        1.38251
       1.384885
       1.387267
       1.389656
       1.392052
       1.394455
       1.396865
       1.399281
       1.401704
       1.404134
        1.40657
       1.409012
       1.411461
       1.413917
       1.416379
       1.418847
       1.421321
       1.423802
       1.426288
       1.428781
       1.431279
       1.433783
       1.436294
       1.438809
       1.441331
       1.443858
       1.446391
       1.448929
       1.451473
       1.454022
       1.456576
       1.459135
         1.4617
        1.46427
       1.466844
       1.469423
       1.472008
       1.474597
        1.47719
       1.479788
       1.482391
       1.484998
        1.48761
       1.490225
       1.492845
       1.495469
       1.498097
       1.500729
       1.503365
       1.506004
       1.508648
       1.511294
       1.513944
       1.516598
       1.519255
       1.521915
       1.524579
       1.527245
       1.529914
       1.532586
       1.535261
       1.537939
       1.540619
       1.543302
       1.545987
       1.548674
       1.551364
       1.554056
       1.556749
       1.559445
       1.562142
       1.564842
       1.567542
       1.570245
       1.572948
       1.575653
       1.578359
       1.581067
       1.583775
       1.586484
       1.589194
       1.591904
       1.594616
       1.597327
       1.600039
       1.602752
       1.605464
       1.608177
       1.610889
       1.613601
       1.616313
       1.619025
       1.621736
       1.624446
       1.627156
       1.629865
       1.632573
        1.63528
       1.637985
        1.64069
       1.643393
       1.646094
       1.648794
       1.651492
       1.654188
       1.656883
       1.659575
       1.662265
       1.664952
       1.667637
        1.67032
          1.673
       1.675677
       1.678351
       1.681022
        1.68369
       1.686355
       1.689017
       1.691674
       1.694329
       1.696979
       1.699626
       1.702268
       1.704907
       1.707541
       1.710171
       1.712796
       1.715417
       1.718033
       1.720644
        1.72325
       1.725851
       1.728447
       1.731038
       1.733623
       1.736203
       1.738776
       1.741344
       1.743906
       1.746462
       1.749012
       1.751556
       1.754093
       1.756623
       1.759147
       1.761664
       1.764174
       1.766677
       1.769173
       1.771661
       1.774142
       1.776615
       1.779081
       1.781539
       1.783989
       1.786431
       1.788865
       1.791291
       1.793708
       1.796116
       1.798516
       1.800907
        1.80329
       1.805663
       1.808027
       1.810382
       1.812727
       1.815063
       1.817389
       1.819706
       1.822012
       1.824309
       1.826595
       1.828872
       1.831138
       1.833393
       1.835638
       1.837872
       1.840095
       1.842308
       1.844509
       1.846699
       1.848878
       1.851045
       1.853201
       1.855345
       1.857478
       1.859598
       1.861707
       1.863803
       1.865888
        1.86796
       1.870019
       1.872066
         1.8741
       1.876122
       1.878131
       1.880126
       1.882109
       1.884078
       1.886034
       1.887977
       1.889906
       1.891821
       1.893722
        1.89561
       1.897484
       1.899344
       1.901189
       1.903021
       1.904837
        1.90664
       1.908428
       1.910201
       1.911959
       1.913703
       1.915431
       1.917145
       1.918843
       1.920526
       1.922194
       1.923846
       1.925483
       1.927104
       1.928709
       1.930298
       1.931872
       1.933429
       1.934971
       1.936496
       1.938005
       1.939498
       1.940974
       1.942433
       1.943876
       1.945303
       1.946712
       1.948105
       1.949481
        1.95084
       1.952181
       1.953506
       1.954813
       1.956103
       1.957375
        1.95863
       1.959868
       1.961087
       1.962289
       1.963474
        1.96464
       1.965789
        1.96692
       1.968032
       1.969127
       1.970203
       1.971261
       1.972301
       1.973322
       1.974325
        1.97531
       1.976276
       1.977223
       1.978152
       1.979062
       1.979954
       1.980826
        1.98168
       1.982515
        1.98333
       1.984127
       1.984905
       1.985664
       1.986403
       1.987124
       1.987825
       1.988507
       1.989169
       1.989812
       1.990436
        1.99104
       1.991625
       1.992191
       1.992737
       1.993263
       1.993769
       1.994257
       1.994724
       1.995172
         1.9956
       1.996008
       1.996397
       1.996765
       1.997114
       1.997443
       1.997753
       1.998042
       1.998311
       1.998561
       1.998791
          1.999
        1.99919
        1.99936
        1.99951
        1.99964
        1.99975
        1.99984
        1.99991
        1.99996
        1.99999
              2
        1.99999
        1.99996
        1.99991
        1.99984
        1.99975
        1.99964
        1.99951
        1.99936
        1.99919
          1.999
       1.998791
       1.998561
       1.998311
       1.998042
       1.997753
       1.997443
       1.997114
       1.996765
       1.996397
       1.996008
         1.9956
       1.995172
       1.994724
       1.994257
       1.993769
       1.993263
       1.992737
       1.992191
       1.991625
        1.99104
       1.990436
       1.989812
       1.989169
       1.988507
       1.987825
       1.987124
       1.986403
       1.985664
       1.984905
       1.984127
        1.98333
       1.982515
        1.98168
       1.980826
       1.979954
       1.979062
       1.978152
       1.977223
       1.976276
        1.97531
       1.974325
       1.973322
       1.972301
       1.971261
       1.970203
       1.969127
       1.968032
        1.96692
       1.965789
        1.96464
       1.963474
       1.962289
       1.961087
       1.959868
        1.95863
       1.957375
       1.956103
       1.954813
       1.953506
       1.952181
        1.95084
       1.949481
       1.948105
       1.946712
       1.945303
       1.943876
       1.942433
       1.940974
       1.939498
       1.938005
       1.936496
       1.934971
       1.933429
       1.931872
       1.930298
       1.928709
       1.927104
       1.925483
       1.923846
       1.922194
       1.920526
       1.918843
       1.917145
       1.915431
       1.913703
       1.911959
       1.910201
       1.908428
        1.90664
       1.904837
       1.903021
       1.901189
       1.899344
       1.897484
        1.89561
       1.893722
       1.891821
       1.889906
       1.887977
       1.886034
       1.884078
       1.882109
       1.880126
       1.878131
       1.876122
         1.8741
       1.872066
       1.870019
        1.86796
       1.865888
       1.863803
       1.861707
       1.859598
       1.857478
       1.855345
       1.853201
       1.851045
       1.848878
       1.846699
       1.844509
       1.842308
       1.840095
       1.837872
       1.835638
       1.833393
       1.831138
       1.828872
       1.826595
       1.824309
       1.822012
       1.819706
       1.817389
       1.815063
       1.812727
       1.810382
       1.808027
       1.805663
        1.80329
       1.800907
       1.798516
       1.796116
       1.793708
       1.791291
       1.788865
       1.786431
       1.783989
       1.781539
       1.779081
       1.776615
       1.774142
       1.771661
       1.769173
       1.766677
       1.764174
       1.761664
       1.759147
       1.756623
       1.754093
       1.751556
       1.749012
       1.746462
       1.743906
       1.741344
       1.738776
       1.736203
       1.733623
       1.731038
       1.728447
       1.725851
        1.72325
       1.720644
       1.718033
       1.715417
       1.712796
       1.710171
       1.707541
       1.704907
       1.702268
       1.699626
       1.696979
       1.694329
       1.691674
       1.689017
       1.686355
        1.68369
       1.681022
       1.678351
       1.675677
          1.673
        1.67032
       1.667637
       1.664952
       1.662265
       1.659575
       1.656883
       1.654188
       1.651492
       1.648794
       1.646094
       1.643393
        1.64069
       1.637985
        1.63528
       1.632573
       1.629865
       1.627156
       1.624446
       1.621736
       1.619025
       1.616313
       1.613601
       1.610889
       1.608177
       1.605464
       1.602752
       1.600039
       1.597327
       1.594616
       1.591904
       1.589194
       1.586484
       1.583775
       1.581067
       1.578359
       1.575653
       1.572948
       1.570245
       1.567542
       1.564842
       1.562142
       1.559445
       1.556749
       1.554056
       1.551364
       1.548674
       1.545987
       1.543302
       1.540619
       1.537939
       1.535261
       1.532586
       1.529914
       1.527245
       1.524579
       1.521915
       1.519255
       1.516598
       1.513944
       1.511294
       1.508648
       1.506004
       1.503365
       1.500729
       1.498097
       1.495469
       1.492845
       1.490225
        1.48761
       1.484998
       1.482391
       1.479788
        1.47719
       1.474597
       1.472008
       1.469423
       1.466844
        1.46427
         1.4617
       1.459135
       1.456576
       1.454022
       1.451473
       1.448929
       1.446391
       1.443858
       1.441331
       1.438809
       1.436294
       1.433783
       1.431279
       1.428781
       1.426288
       1.423802
       1.421321
       1.418847
       1.416379
       1.413917
       1.411461
       1.409012
        1.40657
       1.404134
       1.401704
       1.399281
       1.396865
       1.394455
       1.392052
       1.389656
       1.387267
       1.384885
        1.38251
       1.380142
       1.377781
       1.375427
       1.373081
       1.370742
        1.36841
       1.366085
       1.363768
       1.361458
       1.359155
       1.356861
       1.354573
       1.352294
       1.350022
       1.347757
       1.345501
       1.343252
       1.341011
       1.338778
       1.336553
       1.334336
       1.332126
       1.329925
       1.327732
       1.325546
       1.323369
         1.3212
        1.31904
       1.316887
       1.314743
       1.312607
       1.310479
       1.308359
       1.306248
       1.304145
       1.302051
       1.299965
       1.297887
       1.295818
       1.293758
       1.291706
       1.289662
       1.287627
       1.285601
       1.283583
       1.281574
       1.279574
       1.277582
       1.275599
       1.273624
       1.271658
       1.269701
       1.267753
       1.265814
       1.263883
       1.261961
       1.260048
       1.258143
       1.256248
       1.254361
       1.252483
       1.250614
       1.248754
       1.246903
       1.245061
       1.243227
       1.241402
       1.239587
        1.23778
       1.235982
       1.234193
       1.232413
       1.230642
       1.228879
       1.227126
       1.225382
       1.223646
        1.22192
       1.220202
       1.218493
       1.216793
       1.215103
       1.213421
       1.211748
       1.210084
       1.208428
       1.206782
       1.205145
       1.203516
       1.201897
       1.200286
       1.198684
       1.197091
       1.195507
       1.193932
       1.192365
       1.190808
       1.189259
       1.187719
       1.186188
       1.184665
       1.183152
       1.181647
       1.180151
       1.178664
       1.177185
       1.175715
       1.174254
       1.172802
       1.171358
       1.169923
       1.168497
       1.167079
        1.16567
       1.164269
       1.162877
       1.161494
       1.160119
       1.158752
       1.157394
       1.156045
       1.154704
       1.153372
       1.152048
       1.150732
       1.149425
       1.148126
       1.146836
       1.145554
        1.14428
       1.143014
       1.141757
       1.140508
       1.139267
       1.138035
        1.13681
       1.135594
       1.134386
       1.133186
       1.131994
        1.13081
       1.129634
       1.128466
       1.127306
       1.126154
        1.12501
       1.123874
       1.122746
       1.121625
       1.120513
       1.119408
       1.118311
       1.117221
        1.11614
       1.115066
          1.114
       1.112941
        1.11189
       1.110846
        1.10981
       1.108782
       1.107761
       1.106747
       1.105741
       1.104743
       1.103751
       1.102767
        1.10179
       1.100821
       1.099859
       1.098904
       1.097956
       1.097015
       1.096081
       1.095155
       1.094235
       1.093323
       1.092417
       1.091519
       1.090627
       1.089743
       1.088865
       1.087994
       1.087129
       1.086272
       1.085421
       1.084577
        1.08374
       1.082909
       1.082085
