              5
              1
              1
              1
              1
              1
              1
              1
              1
              1
              1
              1
              1
              1
              1
              1
              1
              1
              1
              1
              1
              1
              1
              1
              1
              1
              1
              1
              1
              1
              1
              1
              1
              1
              1
              1
              1
              1
              1
              1
              1
              1
              1
              1
              1
              1
              1
              1
              1
              1
              1
              1
              1
              1
              1
              1
              1
              1
              1
              1
              1
              1
              1
              1
              1
              1
              1
              1
              1
              1
              1
              1
              1
              1
              1
              1
              1
              1
              1
              1
              1
              1
              1
              1
              1
              1
              1
              1
              1
              1
              1
              1
              1
              1
              1
              1
              1
              1
              1
              1
              1
              1
              1
              1
              1
              1
              1
              1
              1
              1
              1
              1
              1
              1
              1
              1
              1
              1
              1
              1
              1
              1
              1
              1
              1
              1
              1
              1
              1
              1
              1
              1
              1
              1
              1
              1
              1
              1
              1
              1
              1
              1
              1
              1
              1
              1
              1
              1
              1
              1
              1
              1
              1
              1
              1
              1
              1
              1
              1
              1
              1
              1
              1
              1
              1
              1
              1
              1
              1
              1
              1
              1
              1
              1
              1
              1
              1
              1
              1
              1
              1
              1
              1
              1
              1
              1
              1
              1
              1
       1.000001
       1.000001
       1.000001
       1.000001
       1.000001
       1.000002
       1.000002
       1.000003
       1.000003
       1.000004
       1.000005
       1.000006
       1.000007
       1.000008
        1.00001
       1.000012
       1.000015
       1.000018
       1.000022
       1.000026
       1.000031
       1.000037
       1.000045
       1.000053
       1.000064
       1.000076
        1.00009
       1.000106
       1.000126
       1.000149
       1.000175
       1.000206
       1.000242
       1.000284
       1.000333
        1.00039
       1.000455
        1.00053
       1.000617
       1.000717
       1.000831
       1.000963
       1.001113
       1.001284
        1.00148
       1.001702
       1.001954
        1.00224
       1.002564
       1.002929
       1.003341
       1.003805
       1.004325
       1.004909
       1.005562
       1.006292
       1.007106
       1.008011
       1.009017
       1.010133
       1.011368
       1.012732
       1.014236
       1.015892
       1.017711
       1.019706
        1.02189
       1.024276
       1.026878
       1.029711
       1.032788
       1.036125
       1.039737
       1.043639
       1.047847
       1.052377
       1.057242
        1.06246
       1.068044
       1.074008
       1.080367
       1.087135
       1.094322
       1.101942
       1.110005
       1.118519
       1.127494
       1.136935
       1.146849
       1.157238
       1.168105
        1.17945
        1.19127
       1.203563
       1.216321
       1.229537
       1.243202
       1.257301
       1.271822
       1.286747
       1.302058
       1.317734
       1.333752
       1.350088
       1.366714
       1.383604
       1.400726
       1.418051
       1.435546
       1.453177
        1.47091
        1.48871
       1.506543
       1.524372
       1.542161
       1.559876
       1.577482
       1.594943
       1.612226
       1.629299
        1.64613
        1.66269
       1.678948
       1.694879
       1.710458
        1.72566
       1.740466
       1.754856
       1.768812
       1.782322
       1.795371
        1.80795
        1.82005
       1.831667
       1.842796
       1.853435
       1.863586
        1.87325
       1.882432
       1.891137
       1.899374
        1.90715
       1.914477
       1.921366
        1.92783
       1.933881
       1.939535
       1.944806
       1.949711
       1.954263
       1.958481
        1.96238
       1.965977
       1.969288
        1.97233
       1.975117
       1.977667
       1.979993
       1.982112
       1.984038
       1.985784
       1.987364
        1.98879
       1.990075
        1.99123
       1.992266
       1.993194
       1.994022
        1.99476
       1.995416
       1.995998
       1.996513
       1.996968
        1.99737
       1.997722
       1.998032
       1.998303
        1.99854
       1.998746
       1.998925
       1.999081
       1.999216
       1.999332
       1.999433
       1.999519
       1.999593
       1.999656
       1.999711
       1.999757
       1.999796
       1.999829
       1.999857
       1.999881
       1.999901
       1.999918
       1.999932
       1.999944
       1.999954
       1.999962
       1.999969
       1.999974
       1.999979
       1.999983
       1.999986
       1.999989
       1.999991
       1.999993
       1.999994
       1.999995
       1.999996
       1.999997
       1.999998
       1.999998
       1.999998
       1.999999
       1.999999
       1.999999
       1.999999
              2
              2
              2
              2
              2
              2
              2
              2
              2
              2
              2
              2
              2
              2
              2
              2
              2
              2
              2
              2
              2
              2
              2
              2
              2
              2
              2
              2
              2
              2
              2
              2
              2
              2
              2
              2
              2
              2
              2
              2
              2
              2
              2
              2
              2
              2
              2
              2
              2
              2
              2
              2
              2
              2
              2
              2
              2
              2
              2
              2
              2
              2
              2
              2
              2
              2
              2
              2
              2
              2
              2
              2
              2
              2
              2
              2
              2
              2
              2
              2
              2
              2
       1.999999
       1.999999
       1.999999
       1.999999
       1.999999
       1.999998
       1.999998
       1.999997
       1.999997
       1.999996
       1.999995
       1.999994
       1.999993
       1.999992
        1.99999
       1.999988
       1.999985
       1.999982
       1.999978
       1.999974
       1.999969
       1.999963
       1.999955
       1.999947
       1.999936
       1.999924
        1.99991
       1.999894
       1.999874
       1.999851
       1.999825
       1.999794
       1.999758
       1.999716
       1.999667
        1.99961
       1.999545
        1.99947
       1.999383
       1.999283
       1.999169
       1.999037
       1.998887
       1.998716
        1.99852
       1.998298
       1.998046
        1.99776
       1.997436
       1.997071
       1.996659
       1.996195
       1.995675
       1.995091
       1.994438
       1.993708
       1.992894
       1.991989
       1.990983
       1.989867
       1.988632
       1.987268
       1.985764
       1.984108
       1.982289
       1.980294
        1.97811
       1.975724
       1.973122
       1.970289
       1.967212
       1.963875
       1.960263
       1.956361
       1.952153
       1.947623
       1.942758
        1.93754
       1.931956
       1.925992
       1.919633
       1.912865
       1.905678
       1.898058
       1.889995
       1.881481
       1.872506
       1.863065
       1.853151
       1.842762
       1.831895
        1.82055
        1.80873
       1.796437
       1.783679
       1.770463
       1.756798
       1.742699
       1.728178
       1.713253
       1.697942
       1.682266
       1.666248
       1.649912
       1.633286
       1.616396
       1.599274
       1.581949
       1.564454
       1.546823
        1.52909
        1.51129
       1.493457
       1.475628
       1.457839
       1.440124
       1.422518
       1.405057
       1.387774
       1.370701
        1.35387
        1.33731
       1.321052
       1.305121
       1.289542
        1.27434
       1.259534
       1.245144
       1.231188
       1.217678
       1.204629
        1.19205
        1.17995
       1.168333
       1.157204
       1.146565
       1.136414
        1.12675
       1.117568
       1.108863
       1.100626
        1.09285
       1.085523
       1.078634
        1.07217
       1.066119
       1.060465
       1.055194
       1.050289
       1.045737
       1.041519
        1.03762
       1.034023
       1.030712
        1.02767
       1.024883
       1.022333
       1.020007
       1.017888
       1.015962
       1.014216
       1.012636
        1.01121
       1.009925
        1.00877
       1.007734
       1.006806
       1.005978
        1.00524
       1.004584
       1.004002
       1.003487
       1.003032
        1.00263
       1.002278
       1.001968
       1.001697
        1.00146
       1.001254
       1.001075
       1.000919
       1.000784
       1.000668
       1.000567
       1.000481
       1.000407
       1.000344
       1.000289
       1.000243
       1.000204
       1.000171
       1.000143
       1.000119
       1.000099
       1.000082
       1.000068
       1.000056
       1.000046
       1.000038
       1.000031
       1.000026
       1.000021
       1.000017
       1.000014
       1.000011
       1.000009
       1.000007
       1.000006
       1.000005
       1.000004
       1.000003
       1.000002
       1.000002
       1.000002
       1.000001
       1.000001
       1.000001
       1.000001
              1
              1
              1
              1
              1
              1
              1
              1
              1
              1
              1
              1
              1
              1
              1
              1
              1
              1
              1
              1
              1
              1
              1
              1
              1
              1
              1
              1
              1
              1
              1
              1
              1
              1
              1
              1
              1
              1
              1
              1
              1
              1
              1
              1
              1
              1
              1
              1
              1
              1
              1
              1
              1
              1
              1
              1
              1
              1
              1
              1
              1
              1
              1
              1
              1
              1
              1
              1
              1
              1
              1
              1
              1
              1
              1
              1
              1
              1
              1
              1
              1
              1
              1
              1
              1
              1
              1
              1
              1
              1
              1
              1
              1
              1
              1
              1
              1
              1
              1
              1
              1
              1
              1
              1
              1
              1
              1
              1
              1
              1
              1
              1
              1
              1
              1
              1
              1
              1
              1
              1
              1
              1
              1
              1
              1
              1
              1
              1
              1
              1
              1
              1
              1
              1
              1
              1
              1
              1
              1
              1
              1
              1
              1
              1
              1
              1
              1
              1
              1
              1
              1
              1
              1
              1
              1
              1
              1
              1
              1
              1
              1
              1
              1
              1
              1
              1
              1
              1
              1
              1
              1
              1
              1
              1
              1
              1
              1
              1
              1
              1
              1
              1
              1
              1
              1
              1
              1
              1
              1
              1
              1
              1
              1
              1
              1
              1
              1
              1
              1
              1
              1
              1
              1
              1
              1
              1
              1
              1
              1
              1
              1
              1
              1
              1
              1
              1
              1
              1
              1
              1
              1
              1
              1
              1
              1
              1
              1
              1
              1
              1
              1
              1
              1
              1
              1
              1
              1
              1
              1
              1
              1
              1
              1
              1
              1
              1
              1
              1
              1
              1
              1
              1
              1
              1
              1
              1
              1
              1
              1
              1
              1
              1
              1
              1
              1
              1
              1
              1
              1
              1
              1
              1
              1
              1
              1
              1
              1
              1
              1
              1
              1
              1
              1
              1
              1
              1
              1
              1
              1
              1
              1
              1
              1
              1
