             50
       1.147349
       1.147374
       1.147416
       1.147475
       1.147551
       1.147644
       1.147754
       1.147881
       1.148026
       1.148187
       1.148366
       1.148562
       1.148774
       1.149004
       1.149251
       1.149514
       1.149795
       1.150092
       1.150407
       1.150738
       1.151086
       1.151451
       1.151832
       1.152231
       1.152646
       1.153077
       1.153525
        1.15399
       1.154471
       1.154969
       1.155483
       1.156014
        1.15656
       1.157123
       1.157703
       1.158298
       1.158909
       1.159537
        1.16018
        1.16084
       1.161515
       1.162206
       1.162912
       1.163635
       1.164373
       1.165126
       1.165895
        1.16668
        1.16748
       1.168295
       1.169125
        1.16997
       1.170831
       1.171706
       1.172596
       1.173501
       1.174421
       1.175356
       1.176305
       1.177269
       1.178247
        1.17924
       1.180247
       1.181268
       1.182303
       1.183352
       1.184416
       1.185493
       1.186584
       1.187689
       1.188807
       1.189939
       1.191085
       1.192244
       1.193417
       1.194602
       1.195801
       1.197013
       1.198238
       1.199476
       1.200727
       1.201991
       1.203267
       1.204556
       1.205857
       1.207171
       1.208498
       1.209836
       1.211187
        1.21255
       1.213926
       1.215313
       1.216712
       1.218123
       1.219545
        1.22098
       1.222425
       1.223883
       1.225352
       1.226832
       1.228324
       1.229826
        1.23134
       1.232865
       1.234401
       1.235948
       1.237506
       1.239074
       1.240654
       1.242243
       1.243844
       1.245455
       1.247076
       1.248708
       1.250349
       1.252002
       1.253664
       1.255336
       1.257018
       1.258711
       1.260413
       1.262124
       1.263846
       1.265577
       1.267318
       1.269068
       1.270828
       1.272597
       1.274376
       1.276163
        1.27796
       1.279767
       1.281582
       1.283406
       1.285239
       1.287081
       1.288932
       1.290791
        1.29266
       1.294536
       1.296422
       1.298316
       1.300218
       1.302129
       1.304048
       1.305976
       1.307912
       1.309855
       1.311807
       1.313767
       1.315735
       1.317711
       1.319695
       1.321686
       1.323686
       1.325693
       1.327707
        1.32973
       1.331759
       1.333796
       1.335841
       1.337893
       1.339952
       1.342019
       1.344092
       1.346173
       1.348261
       1.350356
       1.352457
       1.354566
       1.356682
       1.358804
       1.360933
       1.363068
       1.365211
       1.367359
       1.369515
       1.371676
       1.373844
       1.376019
       1.378199
       1.380386
       1.382579
       1.384778
       1.386983
       1.389194
       1.391411
       1.393634
       1.395862
       1.398097
       1.400337
       1.402582
       1.404833
        1.40709
       1.409352
       1.411619
       1.413891
       1.416169
       1.418452
        1.42074
       1.423033
       1.425331
       1.427634
       1.429942
       1.432255
       1.434572
       1.436894
        1.43922
       1.441552
       1.443887
       1.446227
       1.448571
        1.45092
       1.453272
       1.455629
        1.45799
       1.460354
       1.462723
       1.465095
       1.467472
       1.469852
       1.472235
       1.474622
       1.477013
       1.479407
       1.481804
       1.484204
       1.486608
       1.489015
       1.491425
       1.493838
       1.496253
       1.498672
       1.501093
       1.503517
       1.505943
       1.508372
       1.510804
       1.513237
       1.515673
       1.518111
       1.520552
       1.522994
       1.525438
       1.527884
       1.530332
       1.532781
       1.535232
       1.537685
       1.540139
       1.542594
       1.545051
       1.547509
       1.549968
       1.552428
       1.554889
       1.557351
       1.559813
       1.562277
        1.56474
       1.567205
       1.569669
       1.572134
         1.5746
       1.577065
       1.579531
       1.581996
       1.584461
       1.586926
       1.589391
       1.591856
        1.59432
       1.596783
       1.599245
       1.601707
       1.604168
       1.606628
       1.609087
       1.611545
       1.614002
       1.616457
       1.618911
       1.621363
       1.623814
       1.626263
        1.62871
       1.631155
       1.633599
        1.63604
       1.638479
       1.640916
        1.64335
       1.645782
       1.648211
       1.650637
       1.653061
       1.655482
         1.6579
       1.660315
       1.662726
       1.665135
        1.66754
       1.669941
       1.672339
       1.674733
       1.677123
        1.67951
       1.681893
       1.684271
       1.686645
       1.689015
       1.691381
       1.693742
       1.696099
        1.69845
       1.700798
        1.70314
       1.705477
       1.707809
       1.710136
       1.712457
       1.714774
       1.717084
       1.719389
       1.721689
       1.723982
        1.72627
       1.728551
       1.730827
       1.733096
       1.735359
       1.737616
       1.739866
       1.742109
       1.744346
       1.746575
       1.748798
       1.751014
       1.753223
       1.755424
       1.757619
       1.759805
       1.761984
       1.764156
        1.76632
       1.768476
       1.770624
       1.772764
       1.774895
       1.777019
       1.779134
       1.781241
       1.783339
       1.785429
        1.78751
       1.789582
       1.791645
       1.793699
       1.795744
       1.797779
       1.799806
       1.801823
        1.80383
       1.805828
       1.807816
       1.809794
       1.811762
       1.813721
       1.815669
       1.817607
       1.819535
       1.821452
       1.823359
       1.825255
       1.827141
       1.829015
       1.830879
       1.832732
       1.834574
       1.836405
       1.838225
       1.840033
        1.84183
       1.843616
        1.84539
       1.847152
       1.848902
       1.850641
       1.852367
       1.854082
       1.855784
       1.857475
       1.859153
       1.860819
       1.862472
       1.864112
        1.86574
       1.867356
       1.868958
       1.870548
       1.872125
       1.873689
       1.875239
       1.876777
       1.878301
       1.879812
       1.881309
       1.882793
       1.884264
        1.88572
       1.887163
       1.888592
       1.890008
       1.891409
       1.892796
       1.894169
       1.895528
       1.896873
       1.898204
        1.89952
       1.900822
       1.902109
       1.903381
       1.904639
       1.905882
       1.907111
       1.908324
       1.909523
       1.910707
       1.911875
       1.913029
       1.914167
        1.91529
       1.916398
       1.917491
       1.918568
        1.91963
       1.920676
       1.921706
       1.922721
       1.923721
       1.924704
       1.925672
       1.926624
        1.92756
        1.92848
       1.929385
       1.930273
       1.931145
       1.932001
        1.93284
       1.933664
       1.934471
       1.935262
       1.936037
       1.936795
       1.937537
       1.938262
       1.938971
       1.939663
       1.940339
       1.940998
        1.94164
       1.942266
       1.942875
       1.943467
       1.944043
       1.944601
       1.945143
       1.945668
       1.946176
       1.946667
       1.947141
       1.947598
       1.948038
       1.948461
       1.948867
       1.949256
       1.949628
       1.949982
        1.95032
        1.95064
       1.950943
       1.951229
       1.951498
        1.95175
       1.951984
       1.952201
       1.952401
       1.952583
       1.952748
       1.952896
       1.953027
        1.95314
       1.953236
       1.953315
       1.953376
        1.95342
       1.953446
       1.953456
       1.953448
       1.953422
        1.95338
        1.95332
       1.953242
       1.953148
       1.953036
       1.952906
        1.95276
       1.952596
       1.952414
       1.952216
          1.952
       1.951767
       1.951517
       1.951249
       1.950965
       1.950663
       1.950344
       1.950007
       1.949654
       1.949284
       1.948896
       1.948491
       1.948069
       1.947631
       1.947175
       1.946702
       1.946212
       1.945705
       1.945182
       1.944641
       1.944084
       1.943509
       1.942918
       1.942311
       1.941686
       1.941045
       1.940387
       1.939712
       1.939021
       1.938314
        1.93759
       1.936849
       1.936092
       1.935318
       1.934528
       1.933722
         1.9329
       1.932061
       1.931206
       1.930336
       1.929449
       1.928545
       1.927626
       1.926691
       1.925741
       1.924774
       1.923791
       1.922793
       1.921779
        1.92075
       1.919704
       1.918644
       1.917568
       1.916476
       1.915369
       1.914247
        1.91311
       1.911957
        1.91079
       1.909607
       1.908409
       1.907197
       1.905969
       1.904727
        1.90347
       1.902198
       1.900912
       1.899611
       1.898296
       1.896967
       1.895623
       1.894265
       1.892892
       1.891506
       1.890105
       1.888691
       1.887263
        1.88582
       1.884365
       1.882895
       1.881412
       1.879915
       1.878405
       1.876882
       1.875345
       1.873795
       1.872232
       1.870656
       1.869067
       1.867465
       1.865851
       1.864223
       1.862583
       1.860931
       1.859266
       1.857589
       1.855899
       1.854197
       1.852483
       1.850757
       1.849019
       1.847269
       1.845508
       1.843735
        1.84195
       1.840153
       1.838346
       1.836526
       1.834696
       1.832855
       1.831002
       1.829139
       1.827264
       1.825379
       1.823484
       1.821577
        1.81966
       1.817733
       1.815796
       1.813848
        1.81189
       1.809922
       1.807944
       1.805956
       1.803959
       1.801952
       1.799936
        1.79791
       1.795874
        1.79383
       1.791776
       1.789713
       1.787641
       1.785561
       1.783472
       1.781374
       1.779267
       1.777152
       1.775029
       1.772897
       1.770757
        1.76861
       1.766454
        1.76429
       1.762119
        1.75994
       1.757753
       1.755559
       1.753358
       1.751149
       1.748934
       1.746711
       1.744481
       1.742245
       1.740001
       1.737751
       1.735495
       1.733232
       1.730963
       1.728687
       1.726406
       1.724118
       1.721825
       1.719525
        1.71722
       1.714909
       1.712593
       1.710272
       1.707945
       1.705613
       1.703275
       1.700933
       1.698586
       1.696234
       1.693877
       1.691516
        1.68915
        1.68678
       1.684406
       1.682027
       1.679644
       1.677258
       1.674867
       1.672473
       1.670075
       1.667673
       1.665268
       1.662859
       1.660447
       1.658032
       1.655614
       1.653193
       1.650769
       1.648342
       1.645913
       1.643481
       1.641046
       1.638609
        1.63617
       1.633728
       1.631285
       1.628839
       1.626391
       1.623942
       1.621491
       1.619038
       1.616584
       1.614128
       1.611671
       1.609213
       1.606754
       1.604293
       1.601832
       1.599369
       1.596906
       1.594443
       1.591978
       1.589513
       1.587048
       1.584583
       1.582117
       1.579651
       1.577185
       1.574719
       1.572253
       1.569788
       1.567323
       1.564858
       1.562393
        1.55993
       1.557467
       1.555004
       1.552543
       1.550082
       1.547623
       1.545164
       1.542707
       1.540251
       1.537797
       1.535343
       1.532892
       1.530442
       1.527993
       1.525547
       1.523102
       1.520659
       1.518218
        1.51578
       1.513343
       1.510909
       1.508477
       1.506048
       1.503621
       1.501196
       1.498774
       1.496355
       1.493939
       1.491526
       1.489115
       1.486708
       1.484304
       1.481903
       1.479505
        1.47711
       1.474719
       1.472331
       1.469947
       1.467567
        1.46519
       1.462817
       1.460448
       1.458083
       1.455721
       1.453364
       1.451011
       1.448662
       1.446317
       1.443977
       1.441641
       1.439309
       1.436982
        1.43466
       1.432342
       1.430029
       1.427721
       1.425417
       1.423119
       1.420825
       1.418537
       1.416253
       1.413975
       1.411702
       1.409435
       1.407172
       1.404915
       1.402664
       1.400418
       1.398178
       1.395943
       1.393714
       1.391491
       1.389274
       1.387063
       1.384857
       1.382658
       1.380465
       1.378278
       1.376097
       1.373922
       1.371754
       1.369592
       1.367437
       1.365288
       1.363145
        1.36101
       1.358881
       1.356758
       1.354643
       1.352534
       1.350432
       1.348337
       1.346249
       1.344169
       1.342095
       1.340028
       1.337969
       1.335917
       1.333873
       1.331836
       1.329806
       1.327784
       1.325769
       1.323763
       1.321763
       1.319772
       1.317789
       1.315813
       1.313845
       1.311885
       1.309934
        1.30799
       1.306055
       1.304127
       1.302209
       1.300298
       1.298396
       1.296502
       1.294617
       1.292741
       1.290873
       1.289014
       1.287163
       1.285322
       1.283489
       1.281665
        1.27985
       1.278045
       1.276248
       1.274461
       1.272683
       1.270914
       1.269155
       1.267405
       1.265665
       1.263934
       1.262213
       1.260502
         1.2588
       1.257109
       1.255427
       1.253755
       1.252094
       1.250442
       1.248801
        1.24717
       1.245549
       1.243939
       1.242339
        1.24075
       1.239171
       1.237603
       1.236046
       1.234499
       1.232964
       1.231439
       1.229926
       1.228424
       1.226933
       1.225453
       1.223985
       1.222528
       1.221082
       1.219648
       1.218226
       1.216815
       1.215417
        1.21403
       1.212655
       1.211293
       1.209942
       1.208603
       1.207277
       1.205964
       1.204662
       1.203373
       1.202097
       1.200834
       1.199583
       1.198345
        1.19712
       1.195908
       1.194709
       1.193524
       1.192351
       1.191192
       1.190046
       1.188914
       1.187795
        1.18669
       1.185599
       1.184521
       1.183457
       1.182408
       1.181372
        1.18035
       1.179343
        1.17835
       1.177371
       1.176407
       1.175457
       1.174521
       1.173601
       1.172695
       1.171804
       1.170927
       1.170066
        1.16922
       1.168388
       1.167572
       1.166771
       1.165986
       1.165216
       1.164461
       1.163722
       1.162998
        1.16229
       1.161598
       1.160921
        1.16026
       1.159615
       1.158986
       1.158373
       1.157776
       1.157195
       1.156631
       1.156082
        1.15555
       1.155034
       1.154535
       1.154052
       1.153585
       1.153135
       1.152701
       1.152284
       1.151884
         1.1515
       1.151134
       1.150783
        1.15045
       1.150134
       1.149834
       1.149551
       1.149285
       1.149036
       1.148804
       1.148589
       1.148392
       1.148211
       1.148047
         1.1479
        1.14777
       1.147658
       1.147562
       1.147484
       1.147423
       1.147379
       1.147352
       1.147342
