            100
       1.186276
       1.186296
       1.186331
        1.18638
       1.186444
       1.186522
       1.186614
       1.186721
       1.186842
       1.186978
       1.187128
       1.187292
        1.18747
       1.187663
        1.18787
       1.188092
       1.188327
       1.188577
       1.188842
        1.18912
       1.189413
        1.18972
       1.190041
       1.190376
       1.190726
       1.191089
       1.191467
       1.191859
       1.192265
       1.192685
       1.193119
       1.193567
       1.194029
       1.194505
       1.194995
       1.195499
       1.196017
       1.196549
       1.197094
       1.197654
       1.198227
       1.198814
       1.199415
       1.200029
       1.200657
       1.201299
       1.201954
       1.202623
       1.203305
       1.204001
       1.204711
       1.205434
        1.20617
        1.20692
       1.207683
       1.208459
       1.209249
       1.210051
       1.210867
       1.211696
       1.212539
       1.213394
       1.214262
       1.215143
       1.216037
       1.216944
       1.217864
       1.218797
       1.219742
       1.220701
       1.221671
       1.222655
       1.223651
       1.224659
       1.225681
       1.226714
        1.22776
       1.228818
       1.229889
       1.230971
       1.232066
       1.233173
       1.234292
       1.235423
       1.236567
       1.237722
       1.238889
       1.240067
       1.241258
        1.24246
       1.243674
         1.2449
       1.246137
       1.247386
       1.248646
       1.249917
         1.2512
       1.252494
         1.2538
       1.255116
       1.256444
       1.257782
       1.259132
       1.260493
       1.261864
       1.263247
        1.26464
       1.266044
       1.267458
       1.268883
       1.270319
       1.271765
       1.273222
       1.274688
       1.276166
       1.277653
       1.279151
       1.280658
       1.282176
       1.283704
       1.285241
       1.286789
       1.288346
       1.289913
        1.29149
       1.293076
       1.294672
       1.296278
       1.297893
       1.299517
        1.30115
       1.302793
       1.304445
       1.306106
       1.307776
       1.309455
       1.311143
        1.31284
       1.314546
        1.31626
       1.317983
       1.319715
       1.321455
       1.323204
       1.324961
       1.326726
         1.3285
       1.330282
       1.332072
        1.33387
       1.335676
        1.33749
       1.339311
       1.341141
       1.342979
       1.344824
       1.346676
       1.348536
       1.350404
       1.352279
       1.354162
       1.356051
       1.357948
       1.359852
       1.361763
       1.363681
       1.365606
       1.367538
       1.369477
       1.371422
       1.373374
       1.375333
       1.377298
        1.37927
       1.381248
       1.383232
       1.385222
       1.387219
       1.389222
       1.391231
       1.393245
       1.395266
       1.397292
       1.399325
       1.401362
       1.403406
       1.405455
       1.407509
       1.409569
       1.411635
       1.413705
       1.415781
       1.417861
       1.419947
       1.422038
       1.424133
       1.426234
       1.428339
       1.430449
       1.432563
       1.434682
       1.436806
       1.438934
       1.441066
       1.443202
       1.445343
       1.447487
       1.449636
       1.451789
       1.453945
       1.456105
       1.458269
       1.460437
       1.462608
       1.464783
       1.466961
       1.469142
       1.471327
       1.473515
       1.475706
         1.4779
       1.480097
       1.482296
       1.484499
       1.486704
       1.488913
       1.491123
       1.493336
       1.495552
        1.49777
        1.49999
       1.502212
       1.504437
       1.506663
       1.508892
       1.511122
       1.513354
       1.515588
       1.517824
       1.520061
       1.522299
       1.524539
       1.526781
       1.529023
       1.531267
       1.533511
       1.535757
       1.538004
       1.540251
         1.5425
       1.544749
       1.546998
       1.549248
       1.551499
        1.55375
       1.556001
       1.558252
       1.560504
       1.562755
       1.565006
       1.567258
       1.569509
       1.571759
        1.57401
       1.576259
       1.578509
       1.580757
       1.583005
       1.585252
       1.587499
       1.589744
       1.591988
       1.594231
       1.596473
       1.598713
       1.600952
        1.60319
       1.605426
        1.60766
       1.609893
       1.612124
       1.614352
       1.616579
       1.618804
       1.621027
       1.623247
       1.625465
       1.627681
       1.629894
       1.632104
       1.634312
       1.636517
       1.638719
       1.640919
       1.643115
       1.645308
       1.647498
       1.649684
       1.651867
       1.654047
       1.656223
       1.658396
       1.660565
        1.66273
       1.664891
       1.667048
       1.669201
        1.67135
       1.673494
       1.675635
        1.67777
       1.679902
       1.682028
        1.68415
       1.686268
        1.68838
       1.690488
        1.69259
       1.694687
       1.696779
       1.698866
       1.700948
       1.703024
       1.705094
       1.707159
       1.709218
       1.711271
       1.713318
        1.71536
       1.717395
       1.719424
       1.721447
       1.723463
       1.725473
       1.727477
       1.729474
       1.731464
       1.733448
       1.735424
       1.737394
       1.739357
       1.741312
       1.743261
       1.745202
       1.747136
       1.749062
       1.750981
       1.752892
       1.754796
       1.756691
       1.758579
       1.760459
       1.762331
       1.764195
       1.766051
       1.767898
       1.769737
       1.771567
       1.773389
       1.775203
       1.777008
       1.778804
       1.780591
       1.782369
       1.784138
       1.785898
       1.787649
       1.789391
       1.791123
       1.792846
        1.79456
       1.796264
       1.797958
       1.799643
       1.801318
       1.802982
       1.804637
       1.806282
       1.807917
       1.809542
       1.811157
       1.812761
       1.814355
       1.815938
       1.817511
       1.819073
       1.820624
       1.822165
       1.823695
       1.825214
       1.826722
       1.828219
       1.829705
       1.831179
       1.832643
       1.834095
       1.835536
       1.836965
       1.838383
       1.839789
       1.841183
       1.842566
       1.843937
       1.845296
       1.846644
       1.847979
       1.849302
       1.850613
       1.851912
       1.853199
       1.854473
       1.855735
       1.856985
       1.858222
       1.859447
       1.860659
       1.861858
       1.863045
       1.864219
        1.86538
       1.866528
       1.867663
       1.868786
       1.869895
       1.870991
       1.872074
       1.873144
         1.8742
       1.875244
       1.876273
        1.87729
       1.878293
       1.879282
       1.880258
       1.881221
        1.88217
       1.883105
       1.884026
       1.884933
       1.885827
       1.886707
       1.887573
       1.888425
       1.889262
       1.890086
       1.890896
       1.891692
       1.892473
       1.893241
       1.893994
       1.894732
       1.895457
       1.896167
       1.896863
       1.897544
       1.898211
       1.898863
       1.899501
       1.900125
       1.900733
       1.901327
       1.901907
       1.902472
       1.903022
       1.903557
       1.904078
       1.904584
       1.905075
       1.905551
       1.906013
       1.906459
       1.906891
       1.907308
       1.907709
       1.908096
       1.908468
       1.908825
       1.909167
       1.909494
       1.909806
       1.910102
       1.910384
        1.91065
       1.910902
       1.911138
        1.91136
       1.911566
       1.911757
       1.911932
       1.912093
       1.912238
       1.912369
       1.912484
       1.912584
       1.912668
       1.912738
       1.912792
       1.912831
       1.912855
       1.912863
       1.912857
       1.912835
       1.912798
       1.912746
       1.912678
       1.912596
       1.912498
       1.912385
       1.912257
       1.912113
       1.911955
       1.911781
       1.911592
       1.911388
       1.911169
       1.910934
       1.910685
        1.91042
       1.910141
       1.909846
       1.909536
       1.909211
       1.908871
       1.908516
       1.908147
       1.907762
       1.907362
       1.906947
       1.906517
       1.906073
       1.905613
       1.905139
        1.90465
       1.904146
       1.903627
       1.903094
       1.902545
       1.901982
       1.901405
       1.900813
       1.900206
       1.899584
       1.898948
       1.898298
       1.897633
       1.896953
       1.896259
       1.895551
       1.894829
       1.894092
        1.89334
       1.892575
       1.891795
       1.891001
       1.890193
       1.889371
       1.888535
       1.887685
       1.886821
       1.885943
       1.885051
       1.884145
       1.883225
       1.882292
       1.881345
       1.880384
        1.87941
       1.878422
       1.877421
       1.876406
       1.875378
       1.874336
       1.873281
       1.872213
       1.871132
       1.870037
        1.86893
       1.867809
       1.866675
       1.865528
       1.864369
       1.863196
       1.862011
       1.860813
       1.859603
        1.85838
       1.857144
       1.855896
       1.854635
       1.853362
       1.852077
       1.850779
       1.849469
       1.848148
       1.846814
       1.845468
        1.84411
        1.84274
       1.841359
       1.839965
       1.838561
       1.837144
       1.835716
       1.834277
       1.832826
       1.831363
        1.82989
       1.828405
       1.826909
       1.825402
       1.823885
       1.822356
       1.820816
       1.819266
       1.817705
       1.816133
       1.814551
       1.812958
       1.811355
       1.809741
       1.808117
       1.806484
       1.804839
       1.803185
       1.801521
       1.799847
       1.798164
        1.79647
       1.794767
       1.793055
       1.791332
       1.789601
        1.78786
        1.78611
        1.78435
       1.782582
       1.780805
       1.779018
       1.777223
       1.775419
       1.773606
       1.771785
       1.769955
       1.768117
        1.76627
       1.764415
       1.762552
        1.76068
       1.758801
       1.756914
       1.755018
       1.753115
       1.751205
       1.749286
        1.74736
       1.745427
       1.743486
       1.741538
       1.739583
       1.737621
       1.735651
       1.733675
       1.731692
       1.729702
       1.727705
       1.725702
       1.723692
       1.721676
       1.719654
       1.717625
        1.71559
       1.713549
       1.711502
       1.709449
        1.70739
       1.705325
       1.703255
       1.701179
       1.699098
       1.697011
       1.694919
       1.692822
        1.69072
       1.688613
         1.6865
       1.684383
       1.682261
       1.680134
       1.678003
       1.675867
       1.673727
       1.671582
       1.669433
        1.66728
       1.665123
       1.662962
       1.660797
       1.658628
       1.656456
       1.654279
       1.652099
       1.649916
       1.647729
       1.645539
       1.643346
        1.64115
        1.63895
       1.636748
       1.634543
       1.632335
       1.630124
       1.627911
       1.625695
       1.623477
       1.621256
       1.619033
       1.616808
       1.614581
       1.612352
       1.610121
       1.607888
       1.605653
       1.603417
       1.601179
        1.59894
       1.596699
       1.594457
       1.592213
       1.589969
       1.587723
       1.585477
       1.583229
       1.580981
       1.578732
       1.576482
       1.574232
       1.571982
        1.56973
       1.567479
       1.565227
       1.562976
       1.560724
       1.558472
        1.55622
       1.553969
       1.551717
       1.549466
       1.547216
       1.544966
       1.542717
       1.540468
        1.53822
       1.535973
       1.533727
       1.531481
       1.529237
       1.526994
       1.524752
       1.522512
       1.520273
       1.518036
         1.5158
       1.513565
       1.511333
       1.509102
       1.506873
       1.504646
       1.502421
       1.500198
       1.497977
       1.495759
       1.493543
       1.491329
       1.489118
        1.48691
       1.484704
       1.482501
       1.480301
       1.478103
       1.475909
       1.473717
       1.471529
       1.469344
       1.467162
       1.464983
       1.462808
       1.460637
       1.458469
       1.456304
       1.454144
       1.451987
       1.449834
       1.447685
        1.44554
       1.443399
       1.441262
       1.439129
       1.437001
       1.434877
       1.432758
       1.430643
       1.428533
       1.426427
       1.424326
        1.42223
       1.420139
       1.418053
       1.415972
       1.413896
       1.411825
       1.409759
       1.407699
       1.405644
       1.403595
       1.401551
       1.399513
        1.39748
       1.395454
       1.393433
       1.391417
       1.389408
       1.387405
       1.385408
       1.383417
       1.381433
       1.379454
       1.377482
       1.375517
       1.373558
       1.371606
        1.36966
       1.367721
       1.365789
       1.363863
       1.361945
       1.360034
       1.358129
       1.356232
       1.354342
       1.352459
       1.350584
       1.348716
       1.346855
       1.345002
       1.343157
       1.341319
       1.339489
       1.337667
       1.335853
       1.334046
       1.332248
       1.330457
       1.328675
       1.326901
       1.325136
       1.323378
       1.321629
       1.319889
       1.318157
       1.316433
       1.314718
       1.313012
       1.311315
       1.309627
       1.307947
       1.306277
       1.304615
       1.302963
        1.30132
       1.299686
       1.298061
       1.296446
        1.29484
       1.293243
       1.291657
       1.290079
       1.288512
       1.286954
       1.285406
       1.283868
       1.282339
       1.280821
       1.279313
       1.277815
       1.276327
       1.274849
       1.273382
       1.271925
       1.270478
       1.269042
       1.267616
       1.266201
       1.264796
       1.263402
       1.262019
       1.260647
       1.259286
       1.257935
       1.256596
       1.255267
        1.25395
       1.252644
       1.251349
       1.250065
       1.248793
       1.247532
       1.246283
       1.245045
       1.243818
       1.242603
         1.2414
       1.240209
       1.239029
       1.237861
       1.236705
       1.235561
       1.234429
       1.233308
         1.2322
       1.231104
       1.230021
       1.228949
        1.22789
       1.226843
       1.225808
       1.224786
       1.223776
       1.222779
       1.221794
       1.220822
       1.219863
       1.218916
       1.217982
       1.217061
       1.216153
       1.215257
       1.214374
       1.213505
       1.212648
       1.211805
       1.210974
       1.210157
       1.209353
       1.208562
       1.207784
       1.207019
       1.206268
        1.20553
       1.204806
       1.204095
       1.203397
       1.202713
       1.202043
       1.201386
       1.200742
       1.200113
       1.199496
       1.198894
       1.198305
        1.19773
       1.197169
       1.196622
       1.196088
       1.195569
       1.195063
       1.194571
       1.194093
       1.193629
        1.19318
       1.192744
       1.192322
       1.191914
        1.19152
       1.191141
       1.190775
       1.190424
       1.190086
       1.189763
       1.189455
        1.18916
       1.188879
       1.188613
       1.188361
       1.188124
         1.1879
       1.187691
       1.187496
       1.187316
        1.18715
       1.186998
       1.186861
       1.186737
       1.186629
       1.186534
       1.186454
       1.186388
       1.186337
         1.1863
       1.186278
       1.186269
