            100
       1.001533
       1.001581
        1.00163
        1.00168
       1.001733
       1.001787
       1.001842
         1.0019
       1.001959
        1.00202
       1.002083
       1.002148
       1.002214
       1.002283
       1.002354
       1.002427
       1.002502
        1.00258
       1.002659
       1.002741
       1.002826
       1.002912
       1.003002
       1.003093
       1.003188
       1.003285
       1.003385
       1.003488
       1.003593
       1.003701
       1.003813
       1.003927
       1.004045
       1.004166
        1.00429
       1.004418
       1.004549
       1.004683
       1.004821
       1.004963
       1.005109
       1.005258
       1.005411
       1.005569
        1.00573
       1.005896
       1.006065
        1.00624
       1.006418
       1.006602
       1.006789
       1.006982
        1.00718
       1.007382
        1.00759
       1.007802
        1.00802
       1.008244
       1.008473
       1.008707
       1.008947
       1.009193
       1.009445
       1.009704
       1.009968
       1.010238
       1.010515
       1.010799
       1.011089
       1.011386
        1.01169
       1.012001
       1.012319
       1.012645
       1.012978
       1.013319
       1.013667
       1.014023
       1.014388
        1.01476
       1.015141
       1.015531
       1.015929
       1.016336
       1.016751
       1.017176
        1.01761
       1.018054
       1.018507
        1.01897
       1.019442
       1.019925
       1.020418
       1.020921
       1.021435
        1.02196
       1.022495
       1.023042
         1.0236
       1.024169
        1.02475
       1.025343
       1.025947
       1.026564
       1.027193
       1.027835
       1.028489
       1.029156
       1.029837
        1.03053
       1.031237
       1.031958
       1.032692
       1.033441
       1.034203
        1.03498
       1.035772
       1.036579
         1.0374
       1.038237
       1.039089
       1.039957
        1.04084
        1.04174
       1.042656
       1.043588
       1.044536
       1.045502
       1.046485
       1.047484
       1.048502
       1.049536
       1.050589
        1.05166
       1.052749
       1.053856
       1.054982
       1.056127
       1.057291
       1.058474
       1.059676
       1.060899
       1.062141
       1.063403
       1.064685
       1.065988
       1.067312
       1.068656
       1.070022
       1.071408
       1.072816
       1.074246
       1.075698
       1.077171
       1.078667
       1.080185
       1.081726
        1.08329
       1.084876
       1.086486
       1.088119
       1.089775
       1.091455
       1.093159
       1.094887
       1.096639
       1.098416
       1.100217
       1.102042
       1.103893
       1.105768
       1.107669
       1.109595
       1.111546
       1.113523
       1.115526
       1.117555
        1.11961
       1.121691
       1.123798
       1.125931
       1.128091
       1.130278
       1.132492
       1.134732
          1.137
       1.139294
       1.141616
       1.143965
       1.146341
       1.148745
       1.151177
       1.153636
       1.156123
       1.158638
        1.16118
       1.163751
        1.16635
       1.168976
       1.171631
       1.174314
       1.177025
       1.179764
       1.182532
       1.185327
       1.188151
       1.191004
       1.193884
       1.196793
       1.199731
       1.202696
        1.20569
       1.208713
       1.211763
       1.214842
       1.217949
       1.221084
       1.224247
       1.227438
       1.230657
       1.233905
        1.23718
       1.240482
       1.243813
       1.247171
       1.250557
        1.25397
       1.257411
       1.260878
       1.264373
       1.267895
       1.271444
       1.275019
       1.278621
        1.28225
       1.285905
       1.289585
       1.293292
       1.297025
       1.300783
       1.304567
       1.308376
        1.31221
       1.316069
       1.319952
        1.32386
       1.327793
       1.331749
       1.335729
       1.339732
       1.343759
       1.347809
       1.351882
       1.355977
       1.360094
       1.364234
       1.368395
       1.372577
       1.376781
       1.381006
       1.385251
       1.389517
       1.393802
       1.398107
       1.402432
       1.406775
       1.411137
       1.415518
       1.419916
       1.424332
       1.428766
       1.433216
       1.437683
       1.442166
       1.446666
        1.45118
        1.45571
       1.460255
       1.464814
       1.469386
       1.473973
       1.478573
       1.483185
        1.48781
       1.492447
       1.497095
       1.501755
       1.506425
       1.511106
       1.515797
       1.520497
       1.525206
       1.529923
       1.534649
       1.539383
       1.544124
       1.548872
       1.553626
       1.558386
       1.563152
       1.567922
       1.572698
       1.577477
        1.58226
       1.587047
       1.591836
       1.596627
        1.60142
       1.606215
       1.611011
       1.615807
       1.620602
       1.625398
       1.630192
       1.634985
       1.639776
       1.644565
       1.649351
       1.654133
       1.658912
       1.663686
       1.668455
        1.67322
       1.677978
        1.68273
       1.687476
       1.692214
       1.696945
       1.701668
       1.706382
       1.711087
       1.715782
       1.720468
       1.725143
       1.729807
        1.73446
       1.739101
       1.743729
       1.748345
       1.752947
       1.757536
       1.762111
        1.76667
       1.771215
       1.775744
       1.780258
       1.784754
       1.789234
       1.793696
       1.798141
       1.802567
       1.806975
       1.811363
       1.815732
       1.820081
        1.82441
       1.828717
       1.833003
       1.837268
        1.84151
        1.84573
       1.849926
         1.8541
       1.858249
       1.862374
       1.866475
        1.87055
         1.8746
       1.878624
       1.882622
       1.886593
       1.890537
       1.894454
       1.898343
       1.902203
       1.906035
       1.909838
       1.913612
       1.917356
        1.92107
       1.924753
       1.928406
       1.932027
       1.935617
       1.939174
         1.9427
       1.946193
       1.949653
        1.95308
       1.956473
       1.959832
       1.963157
       1.966447
       1.969702
       1.972922
       1.976106
       1.979255
       1.982367
       1.985442
       1.988481
       1.991482
       1.994446
       1.997372
        2.00026
        2.00311
       2.005921
       2.008693
       2.011426
       2.014119
       2.016773
       2.019386
       2.021959
       2.024492
       2.026983
       2.029433
       2.031842
       2.034209
       2.036535
       2.038818
       2.041058
       2.043256
       2.045411
       2.047523
       2.049591
       2.051615
       2.053596
       2.055533
       2.057425
       2.059273
       2.061076
       2.062834
       2.064546
       2.066214
       2.067835
       2.069411
       2.070941
       2.072424
       2.073861
       2.075252
       2.076595
       2.077892
       2.079141
       2.080343
       2.081498
       2.082604
       2.083663
       2.084674
       2.085637
       2.086551
       2.087417
       2.088234
       2.089002
       2.089722
       2.090392
       2.091013
       2.091585
       2.092107
       2.092579
       2.093002
       2.093375
       2.093698
       2.093971
       2.094194
       2.094366
       2.094488
        2.09456
       2.094581
       2.094551
       2.094471
        2.09434
       2.094158
       2.093925
       2.093641
       2.093306
        2.09292
       2.092483
       2.091995
       2.091455
       2.090864
       2.090222
       2.089529
       2.088784
       2.087988
       2.087141
       2.086242
       2.085292
       2.084291
       2.083238
       2.082134
       2.080979
       2.079773
       2.078516
       2.077207
       2.075848
       2.074437
       2.072975
       2.071463
         2.0699
       2.068286
       2.066621
       2.064906
        2.06314
       2.061324
       2.059458
       2.057542
       2.055576
        2.05356
       2.051494
       2.049379
       2.047214
          2.045
       2.042737
       2.040425
       2.038065
       2.035656
       2.033198
       2.030693
       2.028139
       2.025538
        2.02289
       2.020194
       2.017451
       2.014661
       2.011825
       2.008943
       2.006015
       2.003041
       2.000021
       1.996957
       1.993847
       1.990693
       1.987495
       1.984253
       1.980967
       1.977639
       1.974267
       1.970852
       1.967396
       1.963897
       1.960357
       1.956776
       1.953155
       1.949493
       1.945791
       1.942049
       1.938268
       1.934449
       1.930591
       1.926696
       1.922763
       1.918793
       1.914786
       1.910744
       1.906666
       1.902552
       1.898404
       1.894222
       1.890006
       1.885757
       1.881476
       1.877162
       1.872816
       1.868439
       1.864032
       1.859594
       1.855127
        1.85063
       1.846106
       1.841553
       1.836973
       1.832366
       1.827732
       1.823073
       1.818389
       1.813681
       1.808948
       1.804192
       1.799413
       1.794611
       1.789788
       1.784945
        1.78008
       1.775196
       1.770293
       1.765371
       1.760431
       1.755473
       1.750499
       1.745509
       1.740503
       1.735482
       1.730447
       1.725398
       1.720337
       1.715263
       1.710177
        1.70508
       1.699972
       1.694855
       1.689729
       1.684593
        1.67945
         1.6743
       1.669143
        1.66398
       1.658812
       1.653638
       1.648461
        1.64328
       1.638096
        1.63291
       1.627723
       1.622534
       1.617345
       1.612157
       1.606969
       1.601782
       1.596598
       1.591417
       1.586238
       1.581064
       1.575894
        1.57073
       1.565571
       1.560418
       1.555273
       1.550135
       1.545005
       1.539883
       1.534771
       1.529669
       1.524576
       1.519495
       1.514426
       1.509368
       1.504323
       1.499291
       1.494273
       1.489268
       1.484279
       1.479304
       1.474346
       1.469403
       1.464478
       1.459569
       1.454678
       1.449805
       1.444951
       1.440116
         1.4353
       1.430505
        1.42573
       1.420975
       1.416242
       1.411531
       1.406842
       1.402175
       1.397531
       1.392911
       1.388314
       1.383741
       1.379193
        1.37467
       1.370171
       1.365699
       1.361252
       1.356831
       1.352436
       1.348069
       1.343728
       1.339415
        1.33513
       1.330873
       1.326643
       1.322443
       1.318271
       1.314128
       1.310014
        1.30593
       1.301875
        1.29785
       1.293856
       1.289892
       1.285958
       1.282055
       1.278182
       1.274341
       1.270531
       1.266752
       1.263004
       1.259288
       1.255604
       1.251952
       1.248331
       1.244743
       1.241187
       1.237663
       1.234171
       1.230711
       1.227284
       1.223889
       1.220527
       1.217198
       1.213901
       1.210636
       1.207404
       1.204205
       1.201038
       1.197904
       1.194803
       1.191734
       1.188698
       1.185694
       1.182723
       1.179784
       1.176878
       1.174004
       1.171162
       1.168353
       1.165576
        1.16283
       1.160117
       1.157435
       1.154786
       1.152168
       1.149581
       1.147026
       1.144503
        1.14201
       1.139549
       1.137118
       1.134719
        1.13235
       1.130011
       1.127703
       1.125425
       1.123177
       1.120959
       1.118771
       1.116612
       1.114482
       1.112382
       1.110311
       1.108268
       1.106254
       1.104269
       1.102311
       1.100382
        1.09848
       1.096607
        1.09476
       1.092941
       1.091148
       1.089383
       1.087643
       1.085931
       1.084244
       1.082583
       1.080948
       1.079338
       1.077753
       1.076194
       1.074658
       1.073148
       1.071662
       1.070199
       1.068761
       1.067345
       1.065954
       1.064585
       1.063239
       1.061915
       1.060614
       1.059335
       1.058078
       1.056842
       1.055628
       1.054434
       1.053262
        1.05211
       1.050979
       1.049867
       1.048776
       1.047704
       1.046651
       1.045618
       1.044603
       1.043607
        1.04263
        1.04167
       1.040729
       1.039805
       1.038899
       1.038009
       1.037137
       1.036282
       1.035443
        1.03462
       1.033813
       1.033023
       1.032247
       1.031487
       1.030742
       1.030012
       1.029297
       1.028596
        1.02791
       1.027237
       1.026578
       1.025933
       1.025301
       1.024682
       1.024076
       1.023483
       1.022903
       1.022334
       1.021778
       1.021234
       1.020701
        1.02018
        1.01967
       1.019172
       1.018684
       1.018207
        1.01774
       1.017284
       1.016838
       1.016403
       1.015976
        1.01556
       1.015153
       1.014755
       1.014367
       1.013987
       1.013616
       1.013254
         1.0129
       1.012555
       1.012217
       1.011888
       1.011566
       1.011252
       1.010946
       1.010647
       1.010355
        1.01007
       1.009792
       1.009521
       1.009257
       1.008999
       1.008747
       1.008502
       1.008263
        1.00803
       1.007803
       1.007581
       1.007365
       1.007155
        1.00695
        1.00675
       1.006556
       1.006366
       1.006182
       1.006002
       1.005827
       1.005657
       1.005491
       1.005329
       1.005172
       1.005019
        1.00487
       1.004725
       1.004584
       1.004447
       1.004314
       1.004184
       1.004058
       1.003936
       1.003816
       1.003701
       1.003588
       1.003479
       1.003372
       1.003269
       1.003169
       1.003071
       1.002977
       1.002885
       1.002796
       1.002709
       1.002625
       1.002544
       1.002465
       1.002388
       1.002313
       1.002241
       1.002171
       1.002104
       1.002038
       1.001974
       1.001913
       1.001853
       1.001795
       1.001739
       1.001685
       1.001632
       1.001582
       1.001533
       1.001485
       1.001439
       1.001395
       1.001353
       1.001311
       1.001271
       1.001233
       1.001196
        1.00116
       1.001126
       1.001093
       1.001061
       1.001031
       1.001001
       1.000973
       1.000946
        1.00092
       1.000895
       1.000871
       1.000849
       1.000827
       1.000806
       1.000787
       1.000768
        1.00075
       1.000733
       1.000718
       1.000703
       1.000689
       1.000675
       1.000663
       1.000651
       1.000641
       1.000631
       1.000622
       1.000614
       1.000606
         1.0006
       1.000594
       1.000589
       1.000585
       1.000581
       1.000579
       1.000577
       1.000575
       1.000575
       1.000575
       1.000576
       1.000578
       1.000581
       1.000584
       1.000588
       1.000593
       1.000599
       1.000605
       1.000612
        1.00062
       1.000629
       1.000638
       1.000649
        1.00066
       1.000672
       1.000685
       1.000698
       1.000713
       1.000728
       1.000744
       1.000762
        1.00078
       1.000798
       1.000818
       1.000839
       1.000861
       1.000884
       1.000907
       1.000932
       1.000958
       1.000985
       1.001013
       1.001042
       1.001072
       1.001104
       1.001136
        1.00117
       1.001205
       1.001241
       1.001279
       1.001318
       1.001358
         1.0014
       1.001443
       1.001487
