              0
              1
              1
              1
              1
              1
              1
              1
              1
              1
              1
              1
              1
              1
              1
              1
              1
              1
              1
              1
              1
              1
              1
              1
              1
              1
              1
              1
              1
              1
              1
              1
              1
              1
              1
              1
              1
              1
              1
              1
              1
              1
              1
              1
              1
              1
              1
              1
              1
              1
              1
              1
              1
              1
              1
              1
              1
              1
              1
              1
              1
              1
              1
              1
              1
              1
              1
              1
              1
              1
              1
              1
              1
              1
              1
              1
              1
              1
              1
              1
              1
              1
              1
              1
              1
              1
              1
              1
              1
              1
              1
              1
              1
              1
              1
              1
              1
              1
              1
              1
              1
              1
              1
              1
              1
              1
              1
              1
              1
              1
              1
              1
              1
              1
              1
              1
              1
              1
              1
              1
              1
              1
              1
              1
              1
              1
              1
              1
              1
              1
              1
              1
              1
              1
              1
              1
              1
              1
              1
              1
              1
              1
              1
              1
              1
              1
              1
              1
              1
              1
              1
              1
              1
              1
              1
              1
              1
              1
              1
              1
              1
              1
              1
              1
              1
              1
              1
              1
              1
              1
              1
              1
              1
              1
              1
              1
              1
              1
              1
              1
              1
              1
              1
              1
              1
              1
              1
              1
              1
              1
              1
              1
              1
              1
              1
              1
              1
              1
              1
              1
              1
              1
              1
              1
              1
              1
              1
              1
              1
              1
              1
              1
              1
              1
              1
              1
              1
              1
              1
              1
              1
              1
              1
              1
              1
              1
              1
              1
              1
              1
              1
              1
              1
              1
              1
              1
              1
              1
              1
              1
              1
              1
              1
              1
              1
              1
              1
              1
              1
              1
              1
              1
              1
              1
              1
              1
              1
              1
              1
              1
              1
              1
              1
              1
              1
              1
              1
              1
              1
              1
              1
              1
              1
              1
              1
              1
              1
              1
              1
              1
              1
              1
              1
              1
              1
              1
              1
              1
              1
              1
              1
              1
              1
              1
              1
              1
              1
              1
              1
              1
              1
         2.0017
         2.0034
         2.0051
         2.0068
         2.0085
         2.0102
         2.0119
         2.0136
         2.0153
          2.017
         2.0187
         2.0204
         2.0221
         2.0238
         2.0255
         2.0272
         2.0289
         2.0306
         2.0323
          2.034
         2.0357
         2.0374
         2.0391
         2.0408
         2.0425
         2.0442
         2.0459
         2.0476
         2.0493
          2.051
         2.0527
         2.0544
         2.0561
         2.0578
         2.0595
         2.0612
         2.0629
         2.0646
         2.0663
          2.068
         2.0697
         2.0714
         2.0731
         2.0748
         2.0765
         2.0782
         2.0799
         2.0816
         2.0833
          2.085
         2.0867
         2.0884
         2.0901
         2.0918
         2.0935
         2.0952
         2.0969
         2.0986
         2.1003
          2.102
         2.1037
         2.1054
         2.1071
         2.1088
         2.1105
         2.1122
         2.1139
         2.1156
         2.1173
          2.119
         2.1207
         2.1224
         2.1241
         2.1258
         2.1275
         2.1292
         2.1309
         2.1326
         2.1343
          2.136
         2.1377
         2.1394
         2.1411
         2.1428
         2.1445
         2.1462
         2.1479
         2.1496
         2.1513
          2.153
         2.1547
         2.1564
         2.1581
         2.1598
         2.1615
         2.1632
         2.1649
         2.1666
         2.1683
           2.17
         2.1717
         2.1734
         2.1751
         2.1768
         2.1785
         2.1802
         2.1819
         2.1836
         2.1853
          2.187
         2.1887
         2.1904
         2.1921
         2.1938
         2.1955
         2.1972
         2.1989
         2.2006
         2.2023
          2.204
         2.2057
         2.2074
         2.2091
         2.2108
         2.2125
         2.2142
         2.2159
         2.2176
         2.2193
          2.221
         2.2227
         2.2244
         2.2261
         2.2278
         2.2295
         2.2312
         2.2329
         2.2346
         2.2363
          2.238
         2.2397
         2.2414
         2.2431
         2.2448
         2.2465
         2.2482
         2.2499
         2.2516
         2.2533
          2.255
         2.2567
         2.2584
         2.2601
         2.2618
         2.2635
         2.2652
         2.2669
         2.2686
         2.2703
          2.272
         2.2737
         2.2754
         2.2771
         2.2788
         2.2805
         2.2822
         2.2839
         2.2856
         2.2873
          2.289
         2.2907
         2.2924
         2.2941
         2.2958
         2.2975
         2.2992
         2.3009
         2.3026
         2.3043
          2.306
         2.3077
         2.3094
         2.3111
         2.3128
         2.3145
         2.3162
         2.3179
         2.3196
         2.3213
          2.323
         2.3247
         2.3264
         2.3281
         2.3298
         2.3315
         2.3332
         2.3349
         2.3366
         2.3383
           2.34
         2.3417
         2.3434
         2.3451
         2.3468
         2.3485
         2.3502
         2.3519
         2.3536
         2.3553
          2.357
         2.3587
         2.3604
         2.3621
         2.3638
         2.3655
         2.3672
         2.3689
         2.3706
         2.3723
          2.374
         2.3757
         2.3774
         2.3791
         2.3808
         2.3825
         2.3842
         2.3859
         2.3876
         2.3893
          2.391
         2.3927
         2.3944
         2.3961
         2.3978
         2.3995
         2.4012
         2.4029
         2.4046
         2.4063
          2.408
         2.4097
         2.4114
         2.4131
         2.4148
         2.4165
         2.4182
         2.4199
         2.4216
         2.4233
          2.425
         2.4267
         2.4284
         2.4301
         2.4318
         2.4335
         2.4352
         2.4369
         2.4386
         2.4403
          2.442
         2.4437
         2.4454
         2.4471
         2.4488
         2.4505
         2.4522
         2.4539
         2.4556
         2.4573
          2.459
         2.4607
         2.4624
         2.4641
         2.4658
         2.4675
         2.4692
         2.4709
         2.4726
         2.4743
          2.476
         2.4777
         2.4794
         2.4811
         2.4828
         2.4845
         2.4862
         2.4879
         2.4896
         2.4913
          2.493
         2.4947
         2.4964
         2.4981
         2.4998
         2.5015
         2.5032
         2.5049
         2.5066
         2.5083
           2.51
              1
              1
              1
              1
              1
              1
              1
              1
              1
              1
              1
              1
              1
              1
              1
              1
              1
              1
              1
              1
              1
              1
              1
              1
              1
              1
              1
              1
              1
              1
              1
              1
              1
              1
              1
              1
              1
              1
              1
              1
              1
              1
              1
              1
              1
              1
              1
              1
              1
              1
              1
              1
              1
              1
              1
              1
              1
              1
              1
              1
              1
              1
              1
              1
              1
              1
              1
              1
              1
              1
              1
              1
              1
              1
              1
              1
              1
              1
              1
              1
              1
              1
              1
              1
              1
              1
              1
              1
              1
              1
              1
              1
              1
              1
              1
              1
              1
              1
              1
              1
              1
              1
              1
              1
              1
              1
              1
              1
              1
              1
              1
              1
              1
              1
              1
              1
              1
              1
              1
              1
              1
              1
              1
              1
              1
              1
              1
              1
              1
              1
              1
              1
              1
              1
              1
              1
              1
              1
              1
              1
              1
              1
              1
              1
              1
              1
              1
              1
              1
              1
              1
              1
              1
              1
              1
              1
              1
              1
              1
              1
              1
              1
              1
              1
              1
              1
              1
              1
              1
              1
              1
              1
              1
              1
              1
              1
              1
              1
              1
              1
              1
              1
              1
              1
              1
              1
              1
              1
              1
              1
              1
              1
              1
              1
              1
              1
              1
              1
              1
              1
              1
              1
              1
              1
              1
              1
              1
              1
              1
              1
              1
              1
              1
              1
              1
              1
              1
              1
              1
              1
              1
              1
              1
              1
              1
              1
              1
              1
              1
              1
              1
              1
              1
              1
              1
              1
              1
              1
              1
              1
              1
              1
              1
              1
              1
              1
              1
              1
              1
              1
              1
              1
              1
              1
              1
              1
              1
              1
              1
              1
              1
              1
              1
              1
              1
              1
              1
              1
              1
              1
              1
              1
              1
              1
              1
              1
              1
              1
              1
              1
              1
              1
              1
              1
              1
              1
              1
              1
              1
              1
              1
              1
              1
              1
              1
              1
              1
              1
              1
              1
              1
              1
              1
              1
              1
              1
              1
              1
              1
              1
              1
              1
              1
              1
              1
              1
              1
              1
              1
              1
              1
              1
              1
              1
              1
              1
              1
              1
              1
              1
              1
              1
              1
              1
              1
              1
              1
              1
              1
              1
              1
              1
              1
              1
              1
              1
              1
              1
              1
              1
              1
              1
              1
              1
              1
              1
              1
              1
              1
              1
              1
              1
              1
              1
              1
              1
              1
              1
              1
              1
              1
              1
              1
              1
              1
              1
              1
              1
              1
              1
              1
              1
              1
              1
              1
              1
              1
              1
              1
              1
              1
              1
              1
              1
              1
              1
              1
              1
              1
              1
