             20
       1.085429
       1.085789
       1.086229
       1.086739
       1.087313
       1.087943
       1.088623
       1.089346
       1.090106
       1.090898
       1.091718
       1.092561
       1.093425
       1.094306
       1.095203
       1.096113
       1.097035
       1.097967
       1.098909
        1.09986
        1.10082
       1.101788
       1.102764
       1.103747
       1.104739
       1.105737
       1.106743
       1.107757
       1.108778
       1.109806
       1.110842
       1.111886
       1.112937
       1.113996
       1.115062
       1.116136
       1.117218
       1.118307
       1.119404
       1.120509
       1.121622
       1.122742
       1.123871
       1.125007
       1.126151
       1.127303
       1.128463
       1.129631
       1.130807
       1.131991
       1.133183
       1.134383
       1.135591
       1.136807
       1.138032
       1.139264
       1.140505
       1.141754
       1.143011
       1.144277
       1.145551
       1.146833
       1.148124
       1.149422
        1.15073
       1.152045
       1.153369
       1.154702
       1.156043
       1.157392
        1.15875
       1.160116
       1.161491
       1.162875
       1.164267
       1.165667
       1.167077
       1.168495
       1.169921
       1.171356
         1.1728
       1.174252
       1.175714
       1.177183
       1.178662
       1.180149
       1.181645
        1.18315
       1.184664
       1.186186
       1.187718
       1.189258
       1.190806
       1.192364
        1.19393
       1.195506
        1.19709
       1.198683
       1.200285
       1.201896
       1.203515
       1.205144
       1.206781
       1.208428
       1.210083
       1.211747
        1.21342
       1.215102
       1.216793
       1.218493
       1.220202
        1.22192
       1.223646
       1.225382
       1.227126
        1.22888
       1.230642
       1.232413
       1.234194
       1.235983
       1.237781
       1.239587
       1.241403
       1.243228
       1.245062
       1.246904
       1.248755
       1.250616
       1.252485
       1.254363
       1.256249
       1.258145
       1.260049
       1.261963
       1.263885
       1.265816
       1.267755
       1.269703
       1.271661
       1.273626
       1.275601
       1.277584
       1.279576
       1.281577
       1.283586
       1.285604
        1.28763
       1.289665
       1.291709
       1.293761
       1.295822
       1.297891
       1.299968
       1.302054
       1.304149
       1.306252
       1.308363
       1.310483
       1.312611
       1.314747
       1.316891
       1.319044
       1.321205
       1.323374
       1.325551
       1.327736
        1.32993
       1.332131
       1.334341
       1.336558
       1.338783
       1.341016
       1.343257
       1.345506
       1.347763
       1.350027
       1.352299
       1.354579
       1.356867
       1.359161
       1.361464
       1.363774
       1.366091
       1.368416
       1.370748
       1.373087
       1.375434
       1.377788
       1.380149
       1.382517
       1.384892
       1.387275
       1.389664
        1.39206
       1.394463
       1.396872
       1.399289
       1.401712
       1.404141
       1.406578
        1.40902
        1.41147
       1.413925
       1.416387
       1.418855
        1.42133
        1.42381
       1.426297
       1.428789
       1.431288
       1.433792
       1.436303
       1.438819
        1.44134
       1.443868
       1.446401
       1.448939
       1.451483
       1.454032
       1.456586
       1.459145
        1.46171
        1.46428
       1.466854
       1.469434
       1.472018
       1.474607
       1.477201
       1.479799
       1.482402
       1.485009
       1.487621
       1.490237
       1.492857
       1.495481
       1.498109
       1.500741
       1.503376
       1.506016
       1.508659
       1.511306
       1.513956
        1.51661
       1.519267
       1.521927
       1.524591
       1.527257
       1.529927
       1.532599
       1.535274
       1.537952
       1.540632
       1.543315
          1.546
       1.548687
       1.551377
       1.554069
       1.556763
       1.559458
       1.562156
       1.564855
       1.567556
       1.570258
       1.572962
       1.575667
       1.578373
        1.58108
       1.583789
       1.586498
       1.589208
       1.591919
        1.59463
       1.597342
       1.600054
       1.602766
       1.605479
       1.608191
       1.610904
       1.613616
       1.616328
        1.61904
       1.621751
       1.624461
       1.627171
        1.62988
       1.632588
       1.635295
       1.638001
       1.640705
       1.643408
        1.64611
       1.648809
       1.651508
       1.654204
       1.656898
        1.65959
        1.66228
       1.664968
       1.667653
       1.670336
       1.673016
       1.675693
       1.678367
       1.681038
       1.683706
       1.686371
       1.689033
        1.69169
       1.694345
       1.696995
       1.699642
       1.702284
       1.704923
       1.707557
       1.710187
       1.712812
       1.715433
       1.718049
        1.72066
       1.723267
       1.725868
       1.728464
       1.731054
       1.733639
       1.736219
       1.738793
       1.741361
       1.743923
       1.746479
       1.749029
       1.751572
       1.754109
        1.75664
       1.759163
        1.76168
        1.76419
       1.766693
       1.769189
       1.771677
       1.774158
       1.776632
       1.779098
       1.781556
       1.784006
       1.786448
       1.788881
       1.791307
       1.793724
       1.796133
       1.798532
       1.800924
       1.803306
       1.805679
       1.808043
       1.810398
       1.812743
       1.815079
       1.817405
       1.819722
       1.822028
       1.824325
       1.826611
       1.828887
       1.831153
       1.833409
       1.835654
       1.837888
       1.840111
       1.842323
       1.844524
       1.846714
       1.848893
       1.851061
       1.853216
       1.855361
       1.857493
       1.859613
       1.861722
       1.863818
       1.865903
       1.867975
       1.870034
       1.872081
       1.874115
       1.876137
       1.878145
       1.880141
       1.882123
       1.884092
       1.886048
       1.887991
        1.88992
       1.891835
       1.893736
       1.895624
       1.897498
       1.899357
       1.901203
       1.903034
       1.904851
       1.906653
       1.908441
       1.910214
       1.911972
       1.913716
       1.915444
       1.917157
       1.918856
       1.920539
       1.922206
       1.923858
       1.925495
       1.927116
       1.928721
        1.93031
       1.931884
       1.933441
       1.934982
       1.936507
       1.938016
       1.939509
       1.940985
       1.942444
       1.943887
       1.945313
       1.946723
       1.948115
       1.949491
        1.95085
       1.952191
       1.953516
       1.954823
       1.956112
       1.957385
        1.95864
       1.959877
       1.961097
       1.962299
       1.963483
       1.964649
       1.965798
       1.966928
       1.968041
       1.969135
       1.970211
       1.971269
       1.972309
        1.97333
       1.974333
       1.975317
       1.976283
       1.977231
       1.978159
       1.979069
        1.97996
       1.980833
       1.981686
       1.982521
       1.983337
       1.984133
       1.984911
       1.985669
       1.986409
       1.987129
        1.98783
       1.988512
       1.989174
       1.989817
       1.990441
       1.991045
        1.99163
       1.992195
       1.992741
       1.993267
       1.993773
        1.99426
       1.994727
       1.995175
       1.995603
       1.996011
       1.996399
       1.996768
       1.997117
       1.997446
       1.997755
       1.998044
       1.998313
       1.998563
       1.998792
       1.999002
       1.999191
       1.999361
       1.999511
       1.999641
       1.999751
        1.99984
        1.99991
        1.99996
        1.99999
              2
        1.99999
       1.999959
       1.999909
       1.999839
       1.999749
       1.999639
       1.999509
       1.999359
       1.999189
       1.998999
       1.998789
       1.998559
       1.998309
       1.998039
        1.99775
        1.99744
       1.997111
       1.996762
       1.996393
       1.996005
       1.995596
       1.995168
        1.99472
       1.994252
       1.993765
       1.993258
       1.992732
       1.992186
        1.99162
       1.991035
       1.990431
       1.989807
       1.989164
       1.988501
       1.987819
       1.987118
       1.986397
       1.985658
       1.984899
       1.984121
       1.983324
       1.982508
       1.981673
       1.980819
       1.979946
       1.979055
       1.978145
       1.977216
       1.976268
       1.975302
       1.974317
       1.973314
       1.972293
       1.971253
       1.970194
       1.969118
       1.968023
       1.966911
        1.96578
       1.964631
       1.963464
        1.96228
       1.961078
       1.959858
        1.95862
       1.957365
       1.956092
       1.954803
       1.953495
       1.952171
       1.950829
        1.94947
       1.948094
       1.946701
       1.945292
       1.943865
       1.942422
       1.940962
       1.939486
       1.937993
       1.936484
       1.934959
       1.933417
        1.93186
       1.930286
       1.928697
       1.927091
        1.92547
       1.923833
       1.922181
       1.920513
        1.91883
       1.917132
       1.915418
        1.91369
       1.911946
       1.910187
       1.908414
       1.906626
       1.904824
       1.903007
       1.901175
        1.89933
        1.89747
       1.895596
       1.893708
       1.891807
       1.889891
       1.887962
       1.886019
       1.884063
       1.882094
       1.880111
       1.878116
       1.876107
       1.874086
       1.872051
       1.870004
       1.867945
       1.865873
       1.863788
       1.861692
       1.859583
       1.857462
        1.85533
       1.853186
        1.85103
       1.848862
       1.846683
       1.844493
       1.842292
       1.840079
       1.837856
       1.835622
       1.833377
       1.831122
       1.828856
       1.826579
       1.824293
       1.821996
        1.81969
       1.817373
       1.815047
       1.812711
       1.810365
       1.808011
       1.805647
       1.803273
       1.800891
         1.7985
         1.7961
       1.793691
       1.791274
       1.788849
       1.786415
       1.783973
       1.781523
       1.779065
       1.776599
       1.774126
       1.771645
       1.769156
        1.76666
       1.764157
       1.761647
        1.75913
       1.756607
       1.754076
       1.751539
       1.748996
       1.746446
        1.74389
       1.741328
        1.73876
       1.736186
       1.733607
       1.731022
       1.728431
       1.725835
       1.723234
       1.720628
       1.718017
       1.715401
        1.71278
       1.710154
       1.707525
        1.70489
       1.702252
       1.699609
       1.696963
       1.694313
       1.691658
       1.689001
       1.686339
       1.683675
       1.681007
       1.678336
       1.675661
       1.672984
       1.670304
       1.667622
       1.664937
       1.662249
       1.659559
       1.656867
       1.654173
       1.651477
       1.648779
       1.646079
       1.643378
       1.640675
        1.63797
       1.635265
       1.632558
        1.62985
       1.627141
       1.624431
       1.621721
        1.61901
       1.616299
       1.613587
       1.610875
       1.608162
        1.60545
       1.602737
       1.600025
       1.597313
       1.594602
       1.591891
        1.58918
        1.58647
       1.583761
       1.581053
       1.578346
        1.57564
       1.572935
       1.570231
       1.567529
       1.564828
       1.562129
       1.559432
       1.556736
       1.554043
       1.551351
       1.548662
       1.545974
       1.543289
       1.540607
       1.537927
       1.535249
       1.532574
       1.529902
       1.527233
       1.524567
       1.521903
       1.519243
       1.516586
       1.513933
       1.511283
       1.508636
       1.505993
       1.503354
       1.500718
       1.498086
       1.495458
       1.492834
       1.490215
       1.487599
       1.484988
       1.482381
       1.479778
        1.47718
       1.474586
       1.471998
       1.469413
       1.466834
        1.46426
        1.46169
       1.459126
       1.456566
       1.454012
       1.451463
        1.44892
       1.446382
       1.443849
       1.441322
       1.438801
       1.436285
       1.433775
        1.43127
       1.428772
        1.42628
       1.423793
       1.421313
       1.418839
       1.416371
       1.413909
       1.411454
       1.409005
       1.406562
       1.404126
       1.401696
       1.399274
       1.396857
       1.394448
       1.392045
       1.389649
       1.387261
       1.384879
       1.382504
       1.380136
       1.377775
       1.375421
       1.373075
       1.370735
       1.368404
       1.366079
       1.363762
       1.361452
        1.35915
       1.356855
       1.354568
       1.352288
       1.350016
       1.347752
       1.345496
       1.343247
       1.341006
       1.338773
       1.336548
       1.334331
       1.332122
       1.329921
       1.327727
       1.325542
       1.323365
       1.321196
       1.319036
       1.316883
       1.314739
       1.312603
       1.310475
       1.308356
       1.306245
       1.304142
       1.302048
       1.299962
       1.297884
       1.295815
       1.293755
       1.291703
       1.289659
       1.287625
       1.285598
       1.283581
       1.281572
       1.279571
        1.27758
       1.275596
       1.273622
       1.271656
         1.2697
       1.267751
       1.265812
       1.263881
       1.261959
       1.260046
       1.258142
       1.256247
        1.25436
       1.252482
       1.250613
       1.248753
       1.246902
        1.24506
       1.243226
       1.241402
       1.239586
       1.237779
       1.235982
       1.234193
       1.232413
       1.230641
       1.228879
       1.227126
       1.225382
       1.223646
        1.22192
       1.220202
       1.218494
       1.216794
       1.215103
       1.213421
       1.211748
       1.210084
       1.208429
       1.206783
       1.205146
       1.203517
       1.201897
       1.200287
       1.198685
       1.197092
       1.195508
       1.193933
       1.192366
       1.190809
        1.18926
       1.187721
        1.18619
       1.184667
       1.183154
       1.181649
       1.180153
       1.178666
       1.177187
       1.175717
       1.174256
       1.172803
       1.171359
       1.169923
       1.168497
       1.167079
       1.165671
       1.164271
        1.16288
       1.161498
       1.160125
        1.15876
       1.157403
       1.156054
       1.154712
       1.153379
       1.152052
       1.150733
       1.149422
       1.148119
       1.146825
       1.145539
       1.144264
       1.142999
       1.141744
         1.1405
       1.139268
       1.138045
       1.136833
       1.135629
       1.134433
       1.133242
       1.132057
       1.130873
       1.129692
       1.128512
       1.127332
       1.126153
       1.124977
       1.123806
       1.122641
       1.121487
       1.120348
       1.119226
       1.118125
       1.117047
       1.115996
       1.114971
       1.113972
       1.112996
        1.11204
       1.111099
       1.110166
       1.109233
       1.108293
       1.107338
       1.106361
       1.105354
       1.104313
       1.103235
       1.102118
       1.100964
       1.099777
       1.098563
       1.097331
       1.096092
       1.094857
       1.093641
       1.092458
       1.091321
       1.090245
       1.089243
       1.088327
       1.087507
       1.086791
       1.086186
       1.085696
       1.085323
       1.085068
       1.084927
       1.084898
       1.084977
       1.085156
