             50
              1
              1
              1
              1
              1
              1
              1
              1
              1
              1
              1
              1
              1
              1
              1
              1
              1
              1
              1
              1
              1
              1
              1
              1
              1
              1
              1
              1
              1
              1
              1
              1
              1
              1
              1
              1
              1
              1
              1
              1
              1
              1
              1
              1
              1
              1
              1
              1
              1
              1
              1
              1
              1
              1
              1
              1
              1
              1
              1
              1
              1
              1
              1
              1
              1
              1
              1
              1
              1
              1
              1
              1
              1
              1
              1
              1
              1
              1
              1
              1
              1
              1
              1
              1
              1
              1
              1
              1
              1
              1
              1
              1
              1
              1
              1
              1
              1
              1
              1
              1
              1
              1
              1
              1
              1
              1
              1
              1
      0.9999999
      0.9999999
      0.9999998
      0.9999998
      0.9999998
      0.9999998
      0.9999998
      0.9999999
              1
              1
              1
              1
       1.000001
       1.000001
       1.000001
       1.000001
              1
              1
      0.9999997
      0.9999992
      0.9999988
      0.9999985
      0.9999982
      0.9999982
      0.9999983
      0.9999988
      0.9999995
              1
       1.000002
       1.000003
       1.000004
       1.000005
       1.000005
       1.000005
       1.000004
       1.000003
       1.000001
      0.9999978
      0.9999946
      0.9999913
      0.9999883
      0.9999861
      0.9999851
      0.9999857
      0.9999882
      0.9999926
       0.999999
       1.000007
       1.000016
       1.000025
       1.000032
       1.000038
       1.000041
        1.00004
       1.000034
       1.000022
       1.000006
      0.9999856
      0.9999624
      0.9999386
      0.9999165
      0.9998989
      0.9998887
      0.9998884
         0.9999
      0.9999246
      0.9999622
       1.000011
       1.000069
       1.000131
       1.000192
       1.000246
       1.000284
       1.000302
       1.000294
       1.000254
       1.000182
       1.000078
      0.9999468
      0.9997963
      0.9996371
      0.9994827
      0.9993483
      0.9992501
      0.9992034
      0.9992214
      0.9993135
      0.9994841
      0.9997313
       1.000046
       1.000412
       1.000806
       1.001199
       1.001556
       1.001842
       1.002021
       1.002061
       1.001938
       1.001634
       1.001148
       1.000489
      0.9996834
      0.9987727
      0.9978118
      0.9968674
      0.9960141
      0.9953297
      0.9948903
      0.9947636
      0.9950037
      0.9956452
      0.9966982
      0.9981452
      0.9999388
       1.002002
       1.004228
       1.006489
       1.008637
       1.010515
       1.011965
       1.012837
       1.013003
       1.012363
       1.010857
       1.008472
       1.005245
       1.001271
      0.9966956
      0.9917159
      0.9865725
      0.9815394
      0.9769113
      0.9729894
      0.9700651
      0.9684041
      0.9682296
      0.9697082
      0.9729367
      0.9779324
      0.9846266
      0.9928624
       1.002396
       1.012905
       1.023993
       1.035211
       1.046069
       1.056058
       1.064669
       1.071418
       1.075865
       1.077633
       1.076429
       1.072057
        1.06443
       1.053574
       1.039636
       1.022879
       1.003675
      0.9824977
      0.9599048
      0.9365243
      0.9130338
      0.8901399
      0.8685563
      0.8489834
      0.8320868
       0.818479
      0.8087027
      0.8032166
      0.8023849
      0.8064694
      0.8156259
      0.8299027
      0.8492437
      0.8734935
      0.9024052
      0.9356508
      0.9728327
       1.013497
       1.057145
       1.103253
       1.151277
       1.200673
       1.250906
       1.301461
       1.351852
       1.401631
       1.450391
       1.497776
       1.543478
       1.587241
        1.62886
       1.668181
       1.705098
       1.739548
       1.771512
       1.801002
       1.828067
        1.85278
       1.875237
        1.89555
       1.913846
        1.93026
       1.944933
       1.958008
       1.969627
        1.97993
       1.989051
       1.997117
        2.00425
       2.010561
       2.016154
       2.021122
       2.025552
        2.02952
       2.033093
       2.036333
       2.039291
       2.042013
        2.04454
       2.046904
       2.049134
       2.051256
       2.053289
        2.05525
       2.057154
       2.059012
       2.060834
       2.062627
       2.064398
       2.066152
       2.067892
       2.069622
       2.071344
        2.07306
       2.074772
       2.076481
       2.078187
       2.079891
       2.081594
       2.083296
       2.084997
       2.086698
       2.088399
       2.090099
         2.0918
         2.0935
         2.0952
         2.0969
         2.0986
         2.1003
          2.102
         2.1037
         2.1054
         2.1071
         2.1088
         2.1105
         2.1122
         2.1139
         2.1156
         2.1173
          2.119
         2.1207
         2.1224
         2.1241
         2.1258
         2.1275
         2.1292
         2.1309
         2.1326
         2.1343
          2.136
         2.1377
         2.1394
         2.1411
         2.1428
         2.1445
         2.1462
         2.1479
         2.1496
         2.1513
          2.153
         2.1547
         2.1564
         2.1581
         2.1598
         2.1615
         2.1632
         2.1649
         2.1666
         2.1683
           2.17
         2.1717
         2.1734
         2.1751
         2.1768
         2.1785
         2.1802
         2.1819
         2.1836
         2.1853
          2.187
         2.1887
         2.1904
         2.1921
         2.1938
         2.1955
         2.1972
         2.1989
         2.2006
         2.2023
       2.203999
       2.205699
       2.207399
       2.209099
       2.210799
         2.2125
         2.2142
       2.215901
       2.217601
       2.219302
       2.221002
       2.222703
       2.224403
       2.226103
       2.227802
       2.229501
       2.231199
       2.232898
       2.234596
       2.236294
       2.237993
       2.239692
       2.241392
       2.243093
       2.244796
       2.246499
       2.248203
       2.249908
       2.251613
       2.253318
       2.255021
       2.256722
       2.258422
       2.260118
       2.261811
       2.263502
        2.26519
       2.266876
       2.268563
       2.270251
       2.271942
       2.273638
        2.27534
       2.277049
       2.278766
       2.280491
       2.282222
       2.283957
       2.285693
       2.287426
       2.289153
       2.290868
       2.292568
       2.294251
       2.295913
       2.297557
       2.299182
       2.300795
       2.302402
        2.30401
       2.305629
       2.307271
       2.308944
       2.310658
       2.312418
       2.314227
       2.316084
       2.317982
       2.319909
       2.321849
       2.323781
       2.325684
       2.327531
       2.329301
       2.330973
       2.332534
       2.333976
       2.335302
       2.336527
       2.337674
        2.33878
       2.339888
        2.34105
        2.34232
       2.343752
       2.345392
       2.347281
        2.34944
       2.351876
       2.354571
       2.357487
       2.360561
        2.36371
       2.366834
       2.369819
       2.372548
       2.374907
       2.376794
       2.378127
       2.378855
       2.378962
       2.378475
       2.377467
       2.376054
       2.374396
       2.372687
       2.371151
       2.370024
       2.369546
        2.36994
       2.371401
       2.374078
       2.378061
        2.38337
       2.389946
       2.397648
       2.406254
       2.415466
       2.424921
       2.434205
       2.442874
       2.450472
       2.456562
       2.460743
       2.462679
        2.46212
       2.458922
        2.45306
       2.444638
       2.433896
       2.421202
       2.407047
       2.392024
       2.376816
        2.36216
       2.348826
       2.337578
       2.329149
         2.3242
       2.323297
       2.326881
       2.335244
       2.348517
       2.366655
       2.389435
       2.416457
       2.447157
       2.480819
       2.516599
       2.553548
       2.590642
       2.626817
       2.660994
       2.692118
       2.719186
       2.741277
       2.757574
       2.767389
       2.770175
       2.765541
       2.753257
       2.733254
       2.705621
       2.670596
       2.628558
       2.580004
       2.525539
       2.465851
       2.401693
       2.333863
        2.26318
       2.190468
       2.116535
        2.04216
       1.968075
       1.894958
       1.823419
       1.753998
       1.687158
       1.623282
       1.562679
       1.505579
        1.45214
       1.402454
        1.35655
       1.314404
       1.275943
       1.241055
       1.209591
       1.181381
       1.156231
       1.133935
        1.11428
       1.097047
       1.082022
       1.068992
       1.057754
       1.048113
       1.039886
       1.032904
       1.027011
       1.022062
        1.01793
       1.014497
       1.011661
       1.009331
       1.007428
        1.00588
        1.00463
       1.003625
       1.002822
       1.002185
       1.001681
       1.001286
       1.000977
       1.000738
       1.000554
       1.000412
       1.000305
       1.000224
       1.000163
       1.000118
       1.000084
        1.00006
       1.000042
       1.000029
        1.00002
       1.000014
       1.000009
       1.000006
       1.000004
       1.000002
       1.000002
       1.000001
       1.000001
              1
              1
              1
              1
              1
              1
              1
              1
              1
              1
              1
              1
              1
              1
              1
              1
              1
              1
              1
              1
              1
              1
              1
              1
              1
              1
              1
              1
              1
              1
              1
              1
              1
              1
              1
              1
              1
              1
              1
              1
              1
              1
              1
              1
              1
              1
              1
              1
              1
              1
              1
              1
              1
              1
              1
              1
              1
              1
              1
              1
              1
              1
              1
              1
              1
              1
              1
              1
              1
              1
              1
              1
              1
              1
              1
              1
              1
              1
              1
              1
              1
              1
              1
              1
              1
              1
              1
              1
              1
              1
              1
              1
              1
              1
              1
              1
              1
              1
              1
              1
              1
              1
              1
              1
              1
              1
              1
              1
              1
              1
              1
              1
              1
              1
              1
              1
              1
              1
              1
              1
              1
              1
              1
              1
              1
              1
              1
              1
              1
              1
              1
              1
              1
              1
              1
              1
              1
              1
              1
              1
              1
              1
              1
              1
              1
              1
              1
              1
              1
              1
              1
              1
              1
              1
              1
              1
              1
              1
              1
              1
              1
              1
              1
              1
              1
              1
              1
              1
              1
              1
              1
              1
              1
              1
              1
              1
              1
              1
              1
              1
              1
              1
              1
              1
              1
              1
              1
              1
              1
              1
              1
              1
              1
              1
              1
              1
              1
              1
              1
              1
              1
              1
              1
              1
              1
              1
              1
              1
              1
              1
              1
              1
              1
              1
              1
              1
              1
              1
              1
              1
              1
              1
              1
              1
              1
              1
              1
              1
              1
              1
              1
              1
              1
              1
              1
              1
              1
              1
              1
              1
              1
              1
              1
              1
              1
              1
              1
              1
              1
              1
              1
              1
              1
              1
              1
              1
              1
              1
              1
              1
              1
              1
              1
              1
              1
              1
              1
              1
              1
              1
              1
              1
              1
              1
              1
              1
              1
              1
              1
              1
              1
              1
              1
              1
              1
              1
              1
              1
              1
              1
              1
              1
              1
              1
              1
              1
              1
              1
              1
              1
              1
              1
              1
              1
              1
              1
              1
              1
              1
              1
              1
              1
              1
              1
              1
              1
              1
              1
              1
              1
              1
              1
              1
              1
              1
              1
              1
              1
              1
              1
              1
              1
              1
              1
              1
              1
              1
              1
              1
              1
              1
              1
              1
              1
              1
              1
