             10
       1.084768
       1.085149
       1.085626
       1.086186
       1.086818
       1.087509
       1.088251
       1.089033
       1.089848
        1.09069
       1.091554
       1.092434
       1.093329
       1.094235
       1.095152
       1.096077
       1.097011
       1.097952
         1.0989
       1.099855
       1.100818
       1.101788
       1.102765
       1.103749
       1.104741
       1.105739
       1.106745
       1.107759
        1.10878
       1.109808
       1.110844
       1.111888
       1.112939
       1.113998
       1.115064
       1.116138
        1.11722
       1.118309
       1.119406
       1.120511
       1.121624
       1.122744
       1.123872
       1.125008
       1.126153
       1.127305
       1.128464
       1.129632
       1.130808
       1.131992
       1.133184
       1.134384
       1.135592
       1.136809
       1.138033
       1.139266
       1.140507
       1.141756
       1.143013
       1.144278
       1.145552
       1.146834
       1.148125
       1.149424
       1.150731
       1.152047
       1.153371
       1.154703
       1.156044
       1.157393
       1.158751
       1.160118
       1.161492
       1.162876
       1.164268
       1.165669
       1.167078
       1.168496
       1.169922
       1.171357
       1.172801
       1.174253
       1.175714
       1.177184
       1.178663
        1.18015
       1.181646
       1.183151
       1.184665
       1.186187
       1.187718
       1.189258
       1.190807
       1.192365
       1.193931
       1.195506
        1.19709
       1.198683
       1.200285
       1.201896
       1.203516
       1.205144
       1.206782
       1.208428
       1.210083
       1.211747
       1.213421
       1.215103
       1.216793
       1.218493
       1.220202
        1.22192
       1.223646
       1.225382
       1.227126
        1.22888
       1.230642
       1.232413
       1.234193
       1.235982
        1.23778
       1.239587
       1.241403
       1.243228
       1.245061
       1.246903
       1.248755
       1.250615
       1.252484
       1.254362
       1.256249
       1.258144
       1.260049
       1.261962
       1.263884
       1.265815
       1.267754
       1.269702
       1.271659
       1.273625
         1.2756
       1.277583
       1.279575
       1.281575
       1.283584
       1.285602
       1.287629
       1.289664
       1.291707
       1.293759
        1.29582
       1.297889
       1.299967
       1.302053
       1.304147
        1.30625
       1.308361
       1.310481
       1.312609
       1.314745
       1.316889
       1.319042
       1.321203
       1.323372
       1.325549
       1.327734
       1.329927
       1.332129
       1.334338
       1.336555
       1.338781
       1.341014
       1.343255
       1.345504
        1.34776
       1.350025
       1.352297
       1.354576
       1.356864
       1.359158
       1.361461
       1.363771
       1.366088
       1.368413
       1.370745
       1.373084
       1.375431
       1.377785
       1.380146
       1.382514
       1.384889
       1.387271
        1.38966
       1.392056
       1.394459
       1.396868
       1.399285
       1.401708
       1.404137
       1.406574
       1.409016
       1.411466
       1.413921
       1.416383
       1.418851
       1.421325
       1.423806
       1.426292
       1.428785
       1.431284
       1.433788
       1.436298
       1.438814
       1.441336
       1.443863
       1.446396
       1.448934
       1.451478
       1.454027
       1.456581
        1.45914
       1.461705
       1.464275
       1.466849
       1.469429
       1.472013
       1.474602
       1.477196
       1.479794
       1.482397
       1.485004
       1.487615
       1.490231
       1.492851
       1.495475
       1.498103
       1.500735
       1.503371
        1.50601
       1.508653
         1.5113
        1.51395
       1.516604
       1.519261
       1.521921
       1.524585
       1.527251
       1.529921
       1.532593
       1.535268
       1.537945
       1.540626
       1.543308
       1.545994
       1.548681
       1.551371
       1.554062
       1.556756
       1.559452
       1.562149
       1.564848
       1.567549
       1.570251
       1.572955
        1.57566
       1.578366
       1.581074
       1.583782
       1.586491
       1.589201
       1.591912
       1.594623
       1.597335
       1.600047
       1.602759
       1.605471
       1.608184
       1.610896
       1.613609
       1.616321
       1.619032
       1.621743
       1.624454
       1.627163
       1.629872
        1.63258
       1.635287
       1.637993
       1.640697
         1.6434
       1.646102
       1.648802
         1.6515
       1.654196
        1.65689
       1.659583
       1.662273
        1.66496
       1.667645
       1.670328
       1.673008
       1.675685
       1.678359
        1.68103
       1.683698
       1.686363
       1.689025
       1.691682
       1.694337
       1.696987
       1.699634
       1.702276
       1.704915
       1.707549
       1.710179
       1.712804
       1.715425
       1.718041
       1.720652
       1.723258
        1.72586
       1.728455
       1.731046
       1.733631
       1.736211
       1.738785
       1.741353
       1.743915
       1.746471
        1.74902
       1.751564
       1.754101
       1.756631
       1.759155
       1.761672
       1.764182
       1.766685
       1.769181
       1.771669
        1.77415
       1.776624
       1.779089
       1.781547
       1.783997
       1.786439
       1.788873
       1.791299
       1.793716
       1.796124
       1.798524
       1.800915
       1.803298
       1.805671
       1.808035
        1.81039
       1.812735
       1.815071
       1.817397
       1.819714
        1.82202
       1.824317
       1.826603
        1.82888
       1.831145
       1.833401
       1.835646
        1.83788
       1.840103
       1.842315
       1.844517
       1.846707
       1.848886
       1.851053
       1.853209
       1.855353
       1.857485
       1.859606
       1.861714
       1.863811
       1.865895
       1.867967
       1.870027
       1.872074
       1.874108
       1.876129
       1.878138
       1.880133
       1.882116
       1.884085
       1.886041
       1.887984
       1.889913
       1.891828
       1.893729
       1.895617
       1.897491
       1.899351
       1.901196
       1.903027
       1.904844
       1.906646
       1.908434
       1.910207
       1.911966
       1.913709
       1.915438
       1.917151
       1.918849
       1.920532
         1.9222
       1.923852
       1.925489
        1.92711
       1.928715
       1.930304
       1.931878
       1.933435
       1.934977
       1.936502
       1.938011
       1.939503
       1.940979
       1.942439
       1.943882
       1.945308
       1.946718
        1.94811
       1.949486
       1.950845
       1.952186
       1.953511
       1.954818
       1.956108
        1.95738
       1.958635
       1.959872
       1.961092
       1.962294
       1.963478
       1.964645
       1.965793
       1.966924
       1.968036
       1.969131
       1.970207
       1.971265
       1.972305
       1.973326
       1.974329
       1.975314
        1.97628
       1.977227
       1.978156
       1.979066
       1.979957
       1.980829
       1.981683
       1.982518
       1.983334
        1.98413
       1.984908
       1.985667
       1.986406
       1.987126
       1.987827
       1.988509
       1.989172
       1.989815
       1.990438
       1.991043
       1.991627
       1.992193
       1.992739
       1.993265
       1.993771
       1.994258
       1.994726
       1.995173
       1.995601
       1.996009
       1.996398
       1.996767
       1.997115
       1.997444
       1.997754
       1.998043
       1.998312
       1.998562
       1.998791
       1.999001
       1.999191
       1.999361
       1.999511
        1.99964
        1.99975
        1.99984
        1.99991
        1.99996
        1.99999
              2
        1.99999
        1.99996
        1.99991
        1.99984
       1.999749
       1.999639
       1.999509
       1.999359
       1.999189
          1.999
        1.99879
        1.99856
        1.99831
       1.998041
       1.997751
       1.997442
       1.997113
       1.996764
       1.996395
       1.996006
       1.995598
        1.99517
       1.994722
       1.994255
       1.993767
       1.993261
       1.992734
       1.992188
       1.991623
       1.991038
       1.990433
        1.98981
       1.989166
       1.988504
       1.987822
       1.987121
         1.9864
       1.985661
       1.984902
       1.984124
       1.983327
       1.982511
       1.981676
       1.980823
        1.97995
       1.979059
       1.978148
        1.97722
       1.976272
       1.975306
       1.974321
       1.973318
       1.972297
       1.971257
       1.970199
       1.969122
       1.968028
       1.966915
       1.965784
       1.964636
       1.963469
       1.962285
       1.961083
       1.959863
       1.958625
        1.95737
       1.956098
       1.954808
         1.9535
       1.952176
       1.950834
       1.949475
         1.9481
       1.946707
       1.945297
       1.943871
       1.942428
       1.940968
       1.939492
       1.937999
        1.93649
       1.934965
       1.933423
       1.931866
       1.930292
       1.928703
       1.927097
       1.925476
        1.92384
       1.922187
        1.92052
       1.918837
       1.917138
       1.915425
       1.913696
       1.911953
       1.910194
       1.908421
       1.906633
       1.904831
       1.903014
       1.901182
       1.899337
       1.897477
       1.895603
       1.893715
       1.891814
       1.889898
       1.887969
       1.886027
       1.884071
       1.882101
       1.880119
       1.878123
       1.876115
       1.874093
       1.872059
       1.870012
       1.867952
        1.86588
       1.863796
       1.861699
       1.859591
        1.85747
       1.855338
       1.853193
       1.851037
        1.84887
       1.846691
       1.844501
         1.8423
       1.840087
       1.837864
        1.83563
       1.833385
        1.83113
       1.828864
       1.826587
       1.824301
       1.822004
       1.819698
       1.817381
       1.815055
       1.812719
       1.810374
       1.808019
       1.805655
       1.803281
       1.800899
       1.798508
       1.796108
         1.7937
       1.791282
       1.788857
       1.786423
       1.783981
       1.781531
       1.779073
       1.776607
       1.774134
       1.771653
       1.769164
       1.766669
       1.764166
       1.761656
       1.759139
       1.756615
       1.754084
       1.751547
       1.749004
       1.746454
       1.743898
       1.741336
       1.738768
       1.736194
       1.733615
        1.73103
       1.728439
       1.725843
       1.723242
       1.720636
       1.718025
       1.715409
       1.712788
       1.710163
       1.707533
       1.704899
        1.70226
       1.699618
       1.696971
       1.694321
       1.691666
       1.689009
       1.686347
       1.683683
       1.681015
       1.678343
       1.675669
       1.672992
       1.670312
        1.66763
       1.664944
       1.662257
       1.659567
       1.656875
       1.654181
       1.651484
       1.648786
       1.646087
       1.643385
       1.640682
       1.637978
       1.635272
       1.632565
       1.629857
       1.627149
       1.624439
       1.621728
       1.619017
       1.616306
       1.613594
       1.610882
       1.608169
       1.605457
       1.602745
       1.600032
        1.59732
       1.594609
       1.591897
       1.589187
       1.586477
       1.583768
        1.58106
       1.578352
       1.575646
       1.572941
       1.570238
       1.567536
       1.564835
       1.562136
       1.559438
       1.556743
       1.554049
       1.551358
       1.548668
       1.545981
       1.543296
       1.540613
       1.537933
       1.535255
        1.53258
       1.529908
       1.527239
       1.524573
       1.521909
       1.519249
       1.516592
       1.513939
       1.511288
       1.508642
       1.505999
       1.503359
       1.500724
       1.498092
       1.495464
        1.49284
        1.49022
       1.487604
       1.484993
       1.482386
       1.479783
       1.477185
       1.474592
       1.472003
       1.469418
       1.466839
       1.464265
       1.461695
       1.459131
       1.456571
       1.454017
       1.451468
       1.448925
       1.446386
       1.443854
       1.441327
       1.438805
       1.436289
       1.433779
       1.431275
       1.428776
       1.426284
       1.423797
       1.421317
       1.418843
       1.416375
       1.413913
       1.411458
       1.409008
       1.406566
        1.40413
         1.4017
       1.399277
       1.396861
       1.394452
       1.392049
       1.389653
       1.387264
       1.384882
       1.382507
       1.380139
       1.377778
       1.375424
       1.373078
       1.370739
       1.368407
       1.366082
       1.363765
       1.361455
       1.359153
       1.356858
       1.354571
       1.352291
       1.350019
       1.347755
       1.345498
        1.34325
       1.341009
       1.338776
       1.336551
       1.334333
       1.332124
       1.329923
        1.32773
       1.325544
       1.323367
       1.321198
       1.319038
       1.316885
       1.314741
       1.312605
       1.310477
       1.308357
       1.306246
       1.304144
       1.302049
       1.299963
       1.297886
       1.295817
       1.293756
       1.291704
       1.289661
       1.287626
         1.2856
       1.283582
       1.281573
       1.279572
       1.277581
       1.275598
       1.273623
       1.271657
         1.2697
       1.267752
       1.265813
       1.263882
        1.26196
       1.260047
       1.258143
       1.256247
       1.254361
       1.252483
       1.250614
       1.248754
       1.246903
        1.24506
       1.243227
       1.241402
       1.239586
        1.23778
       1.235982
       1.234193
       1.232413
       1.230642
       1.228879
       1.227126
       1.225382
       1.223646
        1.22192
       1.220202
       1.218493
       1.216794
       1.215103
       1.213421
       1.211748
       1.210084
       1.208429
       1.206782
       1.205145
       1.203517
       1.201897
       1.200286
       1.198684
       1.197092
       1.195507
       1.193932
       1.192366
       1.190808
        1.18926
        1.18772
       1.186188
       1.184666
       1.183153
       1.181648
       1.180152
       1.178665
       1.177186
       1.175716
       1.174255
       1.172803
       1.171359
       1.169924
       1.168498
        1.16708
       1.165671
        1.16427
       1.162878
       1.161495
        1.16012
       1.158754
       1.157396
       1.156046
       1.154705
       1.153373
       1.152049
       1.150733
       1.149426
       1.148127
       1.146837
       1.145556
       1.144282
       1.143017
       1.141761
       1.140512
       1.139271
       1.138038
       1.136812
       1.135594
       1.134384
       1.133182
       1.131988
       1.130803
       1.129627
       1.128462
       1.127306
        1.12616
       1.125023
       1.123895
       1.122774
       1.121658
       1.120546
       1.119437
        1.11833
       1.117225
       1.116122
       1.115023
       1.113931
       1.112849
       1.111782
       1.110733
       1.109706
       1.108704
       1.107728
       1.106776
       1.105845
       1.104929
       1.104021
       1.103112
        1.10219
       1.101247
       1.100273
        1.09926
       1.098205
       1.097107
        1.09597
       1.094801
       1.093613
       1.092421
       1.091244
       1.090101
       1.089015
       1.088005
       1.087091
        1.08629
       1.085615
       1.085076
       1.084679
       1.084425
       1.084314
       1.084339
       1.084494
