             10
              1
              1
              1
              1
              1
              1
              1
              1
              1
              1
              1
              1
              1
              1
              1
              1
              1
              1
              1
              1
              1
              1
              1
              1
              1
              1
              1
              1
              1
              1
              1
              1
              1
              1
              1
              1
              1
              1
              1
              1
              1
              1
              1
              1
              1
              1
              1
              1
              1
              1
              1
              1
              1
              1
              1
              1
              1
              1
              1
              1
              1
              1
              1
              1
              1
              1
              1
              1
              1
              1
              1
              1
              1
              1
              1
              1
              1
              1
              1
              1
              1
              1
              1
              1
              1
              1
              1
              1
              1
              1
              1
              1
              1
              1
              1
              1
              1
              1
              1
              1
              1
              1
              1
              1
              1
              1
              1
              1
              1
              1
              1
              1
              1
              1
              1
              1
              1
              1
              1
              1
              1
              1
              1
              1
              1
              1
              1
              1
              1
              1
              1
              1
              1
              1
              1
              1
              1
              1
              1
              1
              1
              1
              1
              1
              1
              1
              1
              1
              1
              1
              1
              1
              1
              1
              1
              1
              1
              1
              1
              1
              1
              1
              1
              1
              1
              1
              1
              1
              1
              1
              1
              1
              1
              1
              1
              1
              1
              1
              1
              1
              1
              1
              1
              1
              1
              1
              1
              1
              1
              1
              1
              1
              1
              1
              1
              1
              1
              1
              1
              1
              1
      0.9999999
      0.9999998
      0.9999997
      0.9999996
      0.9999996
      0.9999998
              1
       1.000001
       1.000001
       1.000001
       1.000002
       1.000001
       1.000001
      0.9999992
      0.9999973
      0.9999954
      0.9999939
      0.9999935
      0.9999948
      0.9999983
       1.000004
       1.000011
       1.000018
       1.000024
       1.000025
        1.00002
       1.000008
      0.9999876
      0.9999623
      0.9999359
      0.9999147
      0.9999064
      0.9999181
      0.9999551
       1.000018
       1.000103
       1.000197
       1.000282
       1.000335
       1.000332
       1.000252
       1.000085
      0.9998367
      0.9995303
      0.9992107
      0.9989404
      0.9987922
      0.9988378
      0.9991336
      0.9997047
       1.000531
       1.001538
       1.002595
       1.003523
       1.004117
       1.004168
       1.003504
       1.002027
      0.9997485
      0.9968104
      0.9934991
      0.9902311
      0.9875202
       0.985922
      0.9859622
      0.9880552
       0.992424
      0.9990326
       1.007542
       1.017297
       1.027355
       1.036551
       1.043601
       1.047231
       1.046319
        1.04004
       1.027991
       1.010282
      0.9875878
      0.9611377
      0.9326626
      0.9042845
      0.8783687
       0.857349
       0.843543
      0.8389759
       0.845227
      0.8633149
      0.8936287
      0.9359102
      0.9892868
       1.052348
       1.123257
       1.199889
       1.279971
       1.361232
       1.441527
       1.518947
       1.591898
       1.659148
       1.719847
       1.773515
       1.820015
       1.859499
       1.892357
       1.919146
       1.940537
       1.957255
       1.970031
       1.979566
       1.986505
       1.991418
       1.994792
       1.997028
       1.998451
        1.99931
       1.999793
       2.000038
       2.000139
        2.00016
       2.000143
       2.000112
       2.000079
       2.000051
        2.00003
       2.000016
       2.000007
       2.000001
       1.999999
       1.999998
       1.999998
       1.999999
       1.999999
       1.999999
              2
              2
              2
              2
              2
              2
              2
              2
              2
              2
              2
              2
              2
              2
              2
              2
              2
              2
              2
              2
              2
              2
              2
              2
              2
              2
              2
              2
              2
              2
              2
              2
              2
              2
              2
              2
              2
              2
              2
              2
              2
              2
              2
              2
              2
              2
              2
              2
              2
              2
              2
              2
              2
              2
              2
              2
              2
              2
              2
              2
              2
              2
              2
              2
              2
              2
              2
              2
              2
              2
              2
              2
              2
              2
              2
              2
              2
              2
              2
              2
              2
              2
              2
              2
              2
              2
              2
              2
              2
              2
              2
              2
              2
              2
              2
              2
              2
              2
              2
              2
              2
              2
              2
              2
              2
              2
              2
              2
              2
              2
              2
              2
              2
              2
              2
              2
              2
              2
              2
              2
              2
              2
              2
              2
              2
              2
              2
              2
              2
              2
              2
              2
              2
              2
              2
              2
              2
              2
              2
              2
              2
              2
              2
              2
              2
              2
              2
              2
              2
              2
              2
              2
              2
              2
              2
              2
              2
              2
              2
              2
              2
              2
              2
              2
              2
              2
              2
              2
              2
              2
              2
              2
              2
       1.999999
       1.999999
       1.999999
       1.999998
       1.999999
       1.999999
       2.000001
       2.000003
       2.000005
       2.000006
       2.000007
       2.000005
       2.000002
       1.999996
       1.999989
       1.999982
       1.999976
       1.999975
        1.99998
       1.999992
       2.000012
       2.000038
       2.000064
       2.000085
       2.000094
       2.000082
       2.000045
       1.999982
       1.999897
       1.999803
       1.999718
       1.999665
       1.999668
       1.999748
       1.999915
       2.000163
        2.00047
       2.000789
        2.00106
       2.001208
       2.001162
       2.000866
       2.000295
       1.999469
       1.998462
       1.997405
       1.996477
       1.995883
       1.995832
       1.996496
       1.997973
       2.000252
        2.00319
       2.006501
       2.009769
        2.01248
       2.014078
       2.014038
       2.011945
       2.007576
       2.000967
       1.992458
       1.982703
       1.972645
       1.963449
       1.956399
       1.952769
       1.953681
        1.95996
       1.972009
       1.989718
       2.012412
       2.038862
       2.067337
       2.095715
       2.121631
       2.142651
       2.156457
       2.161024
       2.154773
       2.136685
       2.106371
        2.06409
       2.010713
       1.947652
       1.876743
       1.800111
       1.720029
       1.638768
       1.558473
       1.481053
       1.408102
       1.340852
       1.280153
       1.226485
       1.179985
       1.140501
       1.107643
       1.080854
       1.059463
       1.042745
       1.029969
       1.020434
       1.013495
       1.008582
       1.005208
       1.002972
       1.001549
        1.00069
       1.000207
      0.9999624
      0.9998613
      0.9998396
      0.9998567
      0.9998882
       0.999921
       0.999949
        0.99997
      0.9999845
      0.9999935
      0.9999985
       1.000001
       1.000002
       1.000002
       1.000001
       1.000001
       1.000001
              1
              1
              1
              1
              1
              1
              1
              1
              1
              1
              1
              1
              1
              1
              1
              1
              1
              1
              1
              1
              1
              1
              1
              1
              1
              1
              1
              1
              1
              1
              1
              1
              1
              1
              1
              1
              1
              1
              1
              1
              1
              1
              1
              1
              1
              1
              1
              1
              1
              1
              1
              1
              1
              1
              1
              1
              1
              1
              1
              1
              1
              1
              1
              1
              1
              1
              1
              1
              1
              1
              1
              1
              1
              1
              1
              1
              1
              1
              1
              1
              1
              1
              1
              1
              1
              1
              1
              1
              1
              1
              1
              1
              1
              1
              1
              1
              1
              1
              1
              1
              1
              1
              1
              1
              1
              1
              1
              1
              1
              1
              1
              1
              1
              1
              1
              1
              1
              1
              1
              1
              1
              1
              1
              1
              1
              1
              1
              1
              1
              1
              1
              1
              1
              1
              1
              1
              1
              1
              1
              1
              1
              1
              1
              1
              1
              1
              1
              1
              1
              1
              1
              1
              1
              1
              1
              1
              1
              1
              1
              1
              1
              1
              1
              1
              1
              1
              1
              1
              1
              1
              1
              1
              1
              1
              1
              1
              1
              1
              1
              1
              1
              1
              1
              1
              1
              1
              1
              1
              1
              1
              1
              1
              1
              1
              1
              1
              1
              1
              1
              1
              1
              1
              1
              1
              1
              1
              1
              1
              1
              1
              1
              1
              1
              1
              1
              1
              1
              1
              1
              1
              1
              1
              1
              1
              1
              1
              1
              1
              1
              1
              1
              1
              1
              1
              1
              1
              1
              1
              1
              1
              1
              1
              1
              1
              1
              1
              1
              1
              1
              1
              1
              1
              1
              1
              1
              1
              1
              1
              1
              1
              1
              1
              1
              1
              1
              1
              1
              1
              1
              1
              1
              1
              1
              1
              1
              1
              1
              1
              1
              1
              1
              1
              1
              1
              1
              1
              1
              1
              1
              1
              1
              1
              1
              1
              1
              1
              1
              1
              1
              1
              1
              1
              1
              1
              1
              1
              1
              1
              1
              1
              1
              1
              1
              1
              1
              1
              1
              1
              1
              1
              1
              1
              1
              1
              1
              1
              1
              1
              1
              1
              1
              1
              1
              1
              1
              1
              1
              1
              1
              1
              1
              1
              1
              1
              1
              1
              1
              1
              1
              1
              1
              1
              1
              1
              1
              1
              1
              1
              1
              1
              1
              1
              1
              1
              1
