              5
              1
              1
              1
              1
              1
              1
              1
              1
              1
              1
              1
              1
              1
              1
              1
              1
              1
              1
              1
              1
              1
              1
              1
              1
              1
              1
              1
              1
              1
              1
              1
              1
              1
              1
              1
              1
              1
              1
              1
              1
              1
              1
              1
              1
              1
              1
              1
              1
              1
              1
              1
              1
              1
              1
              1
              1
              1
              1
              1
              1
              1
              1
              1
              1
              1
              1
              1
              1
              1
              1
              1
              1
              1
              1
              1
              1
              1
              1
              1
              1
              1
              1
              1
              1
              1
              1
              1
              1
              1
              1
              1
              1
              1
              1
              1
              1
              1
              1
              1
              1
              1
              1
              1
              1
              1
              1
              1
              1
              1
              1
              1
              1
              1
              1
              1
              1
              1
              1
              1
              1
              1
              1
              1
              1
              1
              1
              1
              1
              1
              1
              1
              1
              1
              1
              1
              1
              1
              1
              1
              1
              1
              1
              1
              1
              1
              1
              1
              1
              1
              1
              1
              1
              1
              1
              1
              1
              1
              1
              1
              1
              1
              1
              1
              1
              1
              1
              1
              1
              1
              1
              1
              1
              1
              1
              1
              1
              1
              1
              1
              1
              1
              1
              1
              1
              1
              1
              1
              1
              1
              1
              1
              1
              1
              1
              1
              1
              1
              1
              1
              1
              1
              1
              1
              1
              1
              1
              1
              1
              1
              1
              1
              1
              1
              1
              1
              1
              1
              1
              1
      0.9999999
      0.9999999
      0.9999999
              1
              1
              1
              1
              1
              1
      0.9999999
      0.9999994
      0.9999989
      0.9999984
      0.9999984
      0.9999991
       1.000001
       1.000003
       1.000006
       1.000007
       1.000007
       1.000004
      0.9999969
      0.9999868
      0.9999758
      0.9999678
      0.9999676
      0.9999799
       1.000007
       1.000047
       1.000093
       1.000131
       1.000144
       1.000112
       1.000024
      0.9998804
      0.9997004
      0.9995244
      0.9994109
      0.9994264
      0.9996287
       1.000045
       1.000653
       1.001362
       1.002017
        1.00241
        1.00232
       1.001564
       1.000058
      0.9978753
      0.9952844
      0.9927508
      0.9908944
      0.9903989
      0.9918804
      0.9957349
       1.001991
       1.010201
       1.019399
       1.028148
        1.03469
       1.037175
       1.033959
       1.023916
       1.006718
      0.9830286
      0.9545831
      0.9241113
      0.8951209
       0.871556
      0.8573757
      0.8561114
      0.8704615
      0.9019801
      0.9509004
       1.016111
       1.095286
       1.185139
       1.281772
       1.381054
          1.479
       1.572088
       1.657498
       1.733246
       1.798217
       1.852112
       1.895319
       1.928755
       1.953677
       1.971512
       1.983705
       1.991609
       1.996406
       1.999071
        2.00036
        2.00083
       2.000863
       2.000703
       2.000492
       2.000301
       2.000158
       2.000065
       2.000013
       1.999989
       1.999982
       1.999984
       1.999988
       1.999993
       1.999997
       1.999999
              2
       2.000001
       2.000001
              2
              2
              2
              2
              2
              2
              2
              2
              2
              2
              2
              2
              2
              2
              2
              2
              2
              2
              2
              2
              2
              2
              2
              2
              2
              2
              2
              2
              2
              2
              2
              2
              2
              2
              2
              2
              2
              2
              2
              2
              2
              2
              2
              2
              2
              2
              2
              2
              2
              2
              2
              2
              2
              2
              2
              2
              2
              2
              2
              2
              2
              2
              2
              2
              2
              2
              2
              2
              2
              2
              2
              2
              2
              2
              2
              2
              2
              2
              2
              2
              2
              2
              2
              2
              2
              2
              2
              2
              2
              2
              2
              2
              2
              2
              2
              2
              2
              2
              2
              2
              2
              2
              2
              2
              2
              2
              2
              2
              2
              2
              2
              2
              2
              2
              2
              2
              2
              2
              2
              2
              2
              2
              2
              2
              2
              2
              2
              2
              2
              2
              2
              2
              2
              2
              2
              2
              2
              2
              2
              2
              2
              2
              2
              2
              2
              2
              2
              2
              2
              2
              2
              2
              2
              2
              2
              2
              2
              2
              2
              2
              2
              2
              2
              2
              2
              2
              2
              2
              2
              2
              2
              2
              2
              2
              2
              2
              2
              2
              2
              2
              2
              2
              2
              2
              2
              2
              2
              2
              2
              2
              2
              2
              2
              2
              2
              2
              2
              2
       2.000001
       2.000001
       2.000002
       2.000002
       2.000001
       1.999999
       1.999997
       1.999994
       1.999993
       1.999993
       1.999996
       2.000003
       2.000013
       2.000024
       2.000032
       2.000032
        2.00002
       1.999993
       1.999953
       1.999907
       1.999869
       1.999856
       1.999888
       1.999976
        2.00012
         2.0003
       2.000476
       2.000589
       2.000574
       2.000371
       1.999955
       1.999347
       1.998638
       1.997983
        1.99759
        1.99768
       1.998436
       1.999942
       2.002125
       2.004716
       2.007249
       2.009106
       2.009601
        2.00812
       2.004265
       1.998009
       1.989799
       1.980601
       1.971852
        1.96531
       1.962825
       1.966041
       1.976084
       1.993282
       2.016971
       2.045417
       2.075889
       2.104879
       2.128444
       2.142624
       2.143889
       2.129539
        2.09802
         2.0491
       1.983889
       1.904714
       1.814861
       1.718228
       1.618946
          1.521
       1.427912
       1.342502
       1.266754
       1.201783
       1.147888
       1.104681
       1.071245
       1.046323
       1.028488
       1.016295
       1.008391
       1.003594
       1.000929
      0.9996399
        0.99917
      0.9991372
      0.9992972
      0.9995082
      0.9996987
      0.9998416
      0.9999346
      0.9999869
       1.000011
       1.000018
       1.000016
       1.000012
       1.000007
       1.000003
       1.000001
      0.9999998
      0.9999994
      0.9999995
      0.9999996
      0.9999998
      0.9999999
              1
              1
              1
              1
              1
              1
              1
              1
              1
              1
              1
              1
              1
              1
              1
              1
              1
              1
              1
              1
              1
              1
              1
              1
              1
              1
              1
              1
              1
              1
              1
              1
              1
              1
              1
              1
              1
              1
              1
              1
              1
              1
              1
              1
              1
              1
              1
              1
              1
              1
              1
              1
              1
              1
              1
              1
              1
              1
              1
              1
              1
              1
              1
              1
              1
              1
              1
              1
              1
              1
              1
              1
              1
              1
              1
              1
              1
              1
              1
              1
              1
              1
              1
              1
              1
              1
              1
              1
              1
              1
              1
              1
              1
              1
              1
              1
              1
              1
              1
              1
              1
              1
              1
              1
              1
              1
              1
              1
              1
              1
              1
              1
              1
              1
              1
              1
              1
              1
              1
              1
              1
              1
              1
              1
              1
              1
              1
              1
              1
              1
              1
              1
              1
              1
              1
              1
              1
              1
              1
              1
              1
              1
              1
              1
              1
              1
              1
              1
              1
              1
              1
              1
              1
              1
              1
              1
              1
              1
              1
              1
              1
              1
              1
              1
              1
              1
              1
              1
              1
              1
              1
              1
              1
              1
              1
              1
              1
              1
              1
              1
              1
              1
              1
              1
              1
              1
              1
              1
              1
              1
              1
              1
              1
              1
              1
              1
              1
              1
              1
              1
              1
              1
              1
              1
              1
              1
              1
              1
              1
              1
              1
              1
              1
              1
              1
              1
              1
              1
              1
              1
              1
              1
              1
              1
              1
              1
              1
              1
              1
              1
              1
              1
              1
              1
              1
              1
              1
              1
              1
              1
              1
              1
              1
              1
              1
              1
              1
              1
              1
              1
              1
              1
              1
              1
              1
              1
              1
              1
              1
              1
              1
              1
              1
              1
              1
              1
              1
              1
              1
              1
              1
              1
              1
              1
              1
              1
              1
              1
              1
              1
              1
              1
              1
              1
              1
              1
              1
              1
              1
              1
              1
              1
              1
              1
              1
              1
              1
              1
              1
              1
              1
              1
              1
              1
              1
              1
              1
              1
              1
              1
              1
              1
              1
              1
              1
              1
              1
              1
              1
              1
              1
              1
              1
              1
              1
              1
              1
              1
              1
              1
              1
              1
              1
              1
              1
              1
              1
              1
              1
              1
              1
              1
              1
              1
              1
              1
              1
              1
              1
              1
              1
              1
              1
              1
              1
              1
              1
              1
              1
              1
              1
              1
              1
              1
              1
              1
