            100
        1.08767
       1.087996
       1.088373
       1.088799
       1.089269
       1.089783
       1.090337
       1.090928
       1.091555
       1.092216
       1.092907
       1.093627
       1.094374
       1.095146
       1.095942
        1.09676
       1.097597
       1.098454
       1.099329
        1.10022
       1.101127
       1.102048
       1.102983
       1.103932
       1.104892
       1.105865
       1.106848
       1.107843
       1.108847
       1.109862
       1.110886
        1.11192
       1.112963
       1.114015
       1.115075
       1.116144
       1.117222
       1.118308
       1.119402
       1.120505
       1.121616
       1.122735
       1.123862
       1.124997
       1.126141
       1.127292
       1.128452
       1.129619
       1.130795
       1.131979
       1.133171
       1.134371
       1.135579
       1.136795
        1.13802
       1.139252
       1.140493
       1.141742
          1.143
       1.144266
        1.14554
       1.146822
       1.148113
       1.149412
       1.150719
       1.152035
       1.153359
       1.154692
       1.156033
       1.157382
        1.15874
       1.160107
       1.161482
       1.162866
       1.164258
       1.165659
       1.167068
       1.168486
       1.169913
       1.171348
       1.172792
       1.174245
       1.175706
       1.177177
       1.178655
       1.180143
       1.181639
       1.183144
       1.184658
       1.186181
       1.187712
       1.189253
       1.190802
       1.192359
       1.193926
       1.195502
       1.197086
        1.19868
       1.200282
       1.201893
       1.203513
       1.205142
       1.206779
       1.208426
       1.210081
       1.211746
       1.213419
       1.215102
       1.216793
       1.218493
       1.220202
        1.22192
       1.223647
       1.225383
       1.227128
       1.228881
       1.230644
       1.232415
       1.234196
       1.235985
       1.237784
       1.239591
       1.241407
       1.243232
       1.245066
       1.246909
        1.24876
       1.250621
        1.25249
       1.254368
       1.256256
       1.258151
       1.260056
        1.26197
       1.263892
       1.265823
       1.267763
       1.269712
       1.271669
       1.273636
        1.27561
       1.277594
       1.279586
       1.281587
       1.283597
       1.285615
       1.287642
       1.289677
       1.291721
       1.293774
       1.295835
       1.297904
       1.299982
       1.302068
       1.304163
       1.306267
       1.308378
       1.310498
       1.312626
       1.314763
       1.316908
       1.319061
       1.321222
       1.323392
       1.325569
       1.327755
       1.329949
       1.332151
        1.33436
       1.336578
       1.338804
       1.341037
       1.343279
       1.345528
       1.347785
        1.35005
       1.352322
       1.354602
        1.35689
       1.359185
       1.361488
       1.363799
       1.366116
       1.368442
       1.370774
       1.373114
       1.375461
       1.377815
       1.380177
       1.382545
       1.384921
       1.387303
       1.389693
       1.392089
       1.394493
       1.396903
       1.399319
       1.401743
       1.404173
        1.40661
       1.409053
       1.411502
       1.413958
       1.416421
       1.418889
       1.421364
       1.423845
       1.426332
       1.428825
       1.431324
       1.433829
       1.436339
       1.438856
       1.441378
       1.443906
       1.446439
       1.448977
       1.451522
       1.454071
       1.456626
       1.459186
       1.461751
       1.464321
       1.466896
       1.469475
        1.47206
        1.47465
       1.477244
       1.479842
       1.482446
       1.485053
       1.487665
       1.490281
       1.492901
       1.495526
       1.498154
       1.500787
       1.503423
       1.506063
       1.508706
       1.511354
       1.514004
       1.516658
       1.519316
       1.521976
        1.52464
       1.527307
       1.529977
       1.532649
       1.535325
       1.538003
       1.540683
       1.543366
       1.546052
        1.54874
        1.55143
       1.554122
       1.556816
       1.559512
        1.56221
       1.564909
        1.56761
       1.570313
       1.573017
       1.575722
       1.578429
       1.581136
       1.583845
       1.586554
       1.589265
       1.591976
       1.594687
       1.597399
       1.600112
       1.602824
       1.605537
        1.60825
       1.610962
       1.613675
       1.616387
       1.619099
        1.62181
       1.624521
       1.627231
        1.62994
       1.632648
       1.635356
       1.638062
       1.640766
       1.643469
       1.646171
       1.648871
        1.65157
       1.654266
       1.656961
       1.659653
       1.662343
       1.665031
       1.667716
       1.670399
       1.673079
       1.675756
       1.678431
       1.681102
        1.68377
       1.686435
       1.689097
       1.691755
       1.694409
        1.69706
       1.699706
       1.702349
       1.704988
       1.707622
       1.710252
       1.712877
       1.715498
       1.718114
       1.720726
       1.723332
       1.725933
       1.728529
        1.73112
       1.733705
       1.736285
       1.738859
       1.741427
       1.743989
       1.746545
       1.749094
       1.751638
       1.754175
       1.756705
       1.759229
       1.761746
       1.764256
       1.766759
       1.769255
       1.771743
       1.774224
       1.776697
       1.779163
       1.781621
       1.784071
       1.786513
       1.788947
       1.791372
       1.793789
       1.796198
       1.798597
       1.800988
       1.803371
       1.805744
       1.808108
       1.810462
       1.812807
       1.815143
       1.817469
       1.819786
       1.822092
       1.824388
       1.826675
       1.828951
       1.831216
       1.833472
       1.835716
        1.83795
       1.840173
       1.842385
       1.844586
       1.846776
       1.848955
       1.851122
       1.853278
       1.855421
       1.857554
       1.859674
       1.861782
       1.863878
       1.865962
       1.868034
       1.870093
        1.87214
       1.874174
       1.876195
       1.878203
       1.880198
        1.88218
       1.884149
       1.886105
       1.888047
       1.889976
       1.891891
       1.893792
       1.895679
       1.897553
       1.899412
       1.901257
       1.903088
       1.904904
       1.906706
       1.908494
       1.910266
       1.912024
       1.913767
       1.915495
       1.917208
       1.918906
       1.920588
       1.922256
       1.923907
       1.925543
       1.927164
       1.928769
       1.930358
       1.931931
       1.933488
       1.935028
       1.936553
       1.938061
       1.939554
       1.941029
       1.942488
       1.943931
       1.945356
       1.946765
       1.948157
       1.949533
       1.950891
       1.952232
       1.953555
       1.954862
       1.956151
       1.957423
       1.958677
       1.959914
       1.961133
       1.962335
       1.963518
       1.964684
       1.965832
       1.966962
       1.968074
       1.969168
       1.970244
       1.971301
        1.97234
       1.973361
       1.974363
       1.975347
       1.976312
       1.977259
       1.978187
       1.979097
       1.979987
       1.980859
       1.981712
       1.982546
       1.983361
       1.984157
       1.984934
       1.985692
       1.986431
        1.98715
       1.987851
       1.988532
       1.989194
       1.989836
       1.990459
       1.991063
       1.991647
       1.992211
       1.992757
       1.993282
       1.993788
       1.994274
       1.994741
       1.995188
       1.995615
       1.996023
        1.99641
       1.996778
       1.997126
       1.997455
       1.997763
       1.998052
        1.99832
       1.998569
       1.998798
       1.999007
       1.999196
       1.999365
       1.999514
       1.999643
       1.999753
       1.999842
       1.999911
        1.99996
       1.999989
       1.999999
       1.999988
       1.999957
       1.999906
       1.999835
       1.999745
       1.999634
       1.999503
       1.999352
       1.999182
       1.998991
       1.998781
        1.99855
         1.9983
       1.998029
       1.997739
       1.997429
       1.997099
        1.99675
        1.99638
       1.995991
       1.995582
       1.995153
       1.994704
       1.994236
       1.993748
       1.993241
       1.992714
       1.992167
       1.991601
       1.991015
        1.99041
       1.989786
       1.989142
       1.988479
       1.987796
       1.987094
       1.986373
       1.985633
       1.984873
       1.984095
       1.983297
       1.982481
       1.981645
       1.980791
       1.979918
       1.979026
       1.978115
       1.977185
       1.976237
        1.97527
       1.974285
       1.973281
       1.972259
       1.971219
        1.97016
       1.969083
       1.967988
       1.966875
       1.965743
       1.964594
       1.963427
       1.962242
       1.961039
       1.959819
       1.958581
       1.957325
       1.956052
       1.954761
       1.953454
       1.952128
       1.950786
       1.949427
       1.948051
       1.946657
       1.945247
        1.94382
       1.942377
       1.940916
        1.93944
       1.937947
       1.936437
       1.934911
       1.933369
       1.931811
       1.930237
       1.928647
       1.927041
        1.92542
       1.923783
        1.92213
       1.920462
       1.918778
        1.91708
       1.915366
       1.913637
       1.911893
       1.910134
        1.90836
       1.906572
       1.904769
       1.902952
        1.90112
       1.899274
       1.897414
        1.89554
       1.893652
        1.89175
       1.889834
       1.887905
       1.885962
       1.884005
       1.882036
       1.880053
       1.878057
       1.876048
       1.874026
       1.871991
       1.869944
       1.867884
       1.865812
       1.863727
       1.861631
       1.859522
       1.857401
       1.855268
       1.853124
       1.850968
         1.8488
       1.846621
       1.844431
       1.842229
       1.840016
       1.837793
       1.835559
       1.833314
       1.831058
       1.828792
       1.826515
       1.824229
       1.821932
       1.819625
       1.817308
       1.814982
       1.812646
       1.810301
       1.807946
       1.805581
       1.803208
       1.800826
       1.798435
       1.796035
       1.793626
       1.791209
       1.788783
       1.786349
       1.783907
       1.781457
       1.778999
       1.776533
        1.77406
       1.771579
        1.76909
       1.766594
       1.764092
       1.761582
       1.759065
       1.756541
        1.75401
       1.751473
        1.74893
        1.74638
       1.743824
       1.741262
       1.738694
       1.736121
       1.733541
       1.730956
       1.728366
        1.72577
       1.723169
       1.720563
       1.717952
       1.715336
       1.712715
        1.71009
        1.70746
       1.704826
       1.702188
       1.699545
       1.696899
       1.694249
       1.691595
       1.688937
       1.686276
       1.683611
       1.680943
       1.678272
       1.675598
       1.672921
       1.670242
       1.667559
       1.664874
       1.662187
       1.659497
       1.656805
       1.654111
       1.651415
       1.648718
       1.646018
       1.643317
       1.640614
        1.63791
       1.635205
       1.632498
        1.62979
       1.627082
       1.624372
       1.621662
       1.618952
        1.61624
       1.613529
       1.610817
       1.608105
       1.605392
        1.60268
       1.599968
       1.597257
       1.594545
       1.591835
       1.589124
       1.586415
       1.583706
       1.580998
       1.578291
       1.575585
       1.572881
       1.570178
       1.567476
       1.564775
       1.562077
        1.55938
       1.556684
       1.553991
         1.5513
       1.548611
       1.545924
       1.543239
       1.540557
       1.537877
         1.5352
       1.532525
       1.529853
       1.527185
       1.524519
       1.521856
       1.519196
       1.516539
       1.513886
       1.511236
        1.50859
       1.505947
       1.503308
       1.500673
       1.498042
       1.495414
       1.492791
       1.490171
       1.487556
       1.484945
       1.482338
       1.479736
       1.477138
       1.474545
       1.471957
       1.469373
       1.466794
        1.46422
       1.461651
       1.459087
       1.456528
       1.453974
       1.451426
       1.448883
       1.446345
       1.443813
       1.441286
       1.438765
       1.436249
        1.43374
       1.431236
       1.428738
       1.426246
        1.42376
        1.42128
       1.418806
       1.416339
       1.413877
       1.411422
       1.408974
       1.406531
       1.404096
       1.401667
       1.399244
       1.396829
       1.394419
       1.392017
       1.389622
       1.387233
       1.384852
       1.382477
        1.38011
       1.377749
       1.375396
        1.37305
       1.370711
       1.368379
       1.366055
       1.363738
       1.361429
       1.359127
       1.356832
       1.354545
       1.352266
       1.349995
       1.347731
       1.345475
       1.343227
       1.340987
       1.338755
        1.33653
       1.334314
       1.332105
       1.329904
       1.327711
       1.325527
        1.32335
       1.321181
        1.31902
       1.316868
       1.314723
       1.312587
       1.310459
        1.30834
       1.306228
       1.304126
       1.302032
       1.299946
       1.297869
       1.295801
       1.293741
       1.291691
       1.289649
       1.287615
       1.285591
       1.283575
       1.281567
       1.279568
       1.277578
       1.275596
       1.273622
       1.271656
       1.269699
        1.26775
       1.265809
       1.263876
       1.261952
       1.260036
       1.258129
       1.256231
       1.254342
       1.252462
       1.250592
       1.248731
        1.24688
       1.245039
       1.243208
       1.241387
       1.239576
       1.237775
       1.235983
       1.234201
       1.232428
       1.230664
       1.228909
       1.227161
       1.225421
       1.223689
       1.221964
       1.220245
       1.218533
       1.216828
       1.215129
       1.213437
       1.211752
       1.210074
       1.208405
       1.206744
       1.205092
        1.20345
       1.201818
       1.200199
       1.198591
       1.196996
       1.195414
       1.193846
       1.192291
        1.19075
       1.189222
       1.187708
       1.186206
       1.184715
       1.183234
       1.181763
       1.180299
       1.178841
       1.177389
        1.17594
       1.174493
       1.173048
       1.171602
       1.170156
       1.168709
       1.167261
       1.165813
       1.164364
       1.162915
       1.161469
       1.160027
        1.15859
       1.157162
       1.155743
       1.154337
       1.152947
       1.151574
        1.15022
       1.148889
       1.147582
       1.146299
       1.145044
       1.143814
       1.142612
       1.141437
       1.140286
        1.13916
       1.138056
       1.136971
       1.135902
       1.134846
       1.133799
       1.132758
       1.131718
       1.130675
       1.129626
       1.128565
       1.127491
       1.126399
       1.125286
        1.12415
       1.122989
       1.121802
       1.120589
       1.119348
       1.118081
        1.11679
       1.115476
       1.114142
       1.112791
       1.111427
       1.110054
       1.108677
       1.107301
       1.105931
       1.104574
       1.103233
       1.101916
       1.100627
       1.099373
       1.098158
       1.096987
       1.095866
       1.094799
       1.093789
       1.092841
       1.091957
       1.091141
       1.090393
       1.089717
       1.089113
       1.088582
       1.088125
       1.087741
       1.087429
        1.08719
       1.087021
       1.086922
       1.086891
       1.086924
       1.087022
        1.08718
       1.087397
