              2
       1.083676
       1.084133
       1.084735
       1.085448
       1.086238
       1.087077
       1.087946
        1.08883
       1.089721
       1.090617
       1.091515
       1.092417
       1.093324
       1.094237
       1.095155
       1.096081
       1.097015
       1.097955
       1.098903
       1.099858
        1.10082
        1.10179
       1.102767
       1.103751
       1.104742
       1.105741
       1.106747
       1.107761
       1.108782
        1.10981
       1.110846
        1.11189
       1.112941
       1.113999
       1.115066
        1.11614
       1.117221
        1.11831
       1.119408
       1.120512
       1.121625
       1.122745
       1.123874
        1.12501
       1.126154
       1.127306
       1.128466
       1.129634
        1.13081
       1.131994
       1.133185
       1.134386
       1.135594
        1.13681
       1.138034
       1.139267
       1.140508
       1.141757
       1.143014
        1.14428
       1.145553
       1.146836
       1.148126
       1.149425
       1.150732
       1.152048
       1.153372
       1.154704
       1.156045
       1.157394
       1.158752
       1.160118
       1.161493
       1.162877
       1.164269
       1.165669
       1.167079
       1.168496
       1.169923
       1.171358
       1.172802
       1.174254
       1.175715
       1.177185
       1.178664
       1.180151
       1.181647
       1.183152
       1.184665
       1.186188
       1.187719
       1.189259
       1.190807
       1.192365
       1.193931
       1.195507
       1.197091
       1.198684
       1.200286
       1.201896
       1.203516
       1.205145
       1.206782
       1.208428
       1.210084
       1.211748
       1.213421
       1.215103
       1.216793
       1.218493
       1.220202
        1.22192
       1.223646
       1.225382
       1.227126
       1.228879
       1.230642
       1.232413
       1.234193
       1.235982
        1.23778
       1.239587
       1.241402
       1.243227
       1.245061
       1.246903
       1.248754
       1.250614
       1.252483
       1.254361
       1.256248
       1.258144
       1.260048
       1.261961
       1.263883
       1.265814
       1.267753
       1.269702
       1.271659
       1.273624
       1.275599
       1.277582
       1.279574
       1.281574
       1.283583
       1.285601
       1.287628
       1.289662
       1.291706
       1.293758
       1.295819
       1.297888
       1.299965
       1.302051
       1.304146
       1.306248
        1.30836
       1.310479
       1.312607
       1.314743
       1.316887
        1.31904
       1.321201
        1.32337
       1.325547
       1.327732
       1.329925
       1.332127
       1.334336
       1.336553
       1.338779
       1.341012
       1.343253
       1.345501
       1.347758
       1.350022
       1.352294
       1.354574
       1.356861
       1.359156
       1.361458
       1.363768
       1.366086
        1.36841
       1.370742
       1.373082
       1.375428
       1.377782
       1.380143
       1.382511
       1.384886
       1.387268
       1.389657
       1.392053
       1.394456
       1.396865
       1.399282
       1.401705
       1.404134
        1.40657
       1.409013
       1.411462
       1.413918
        1.41638
       1.418848
       1.421322
       1.423802
       1.426289
       1.428781
        1.43128
       1.433784
       1.436294
        1.43881
       1.441332
       1.443859
       1.446392
        1.44893
       1.451474
       1.454023
       1.456577
       1.459136
       1.461701
       1.464271
       1.466845
       1.469425
       1.472009
       1.474598
       1.477191
        1.47979
       1.482392
       1.484999
       1.487611
       1.490227
       1.492846
        1.49547
       1.498098
        1.50073
       1.503366
       1.506006
       1.508649
       1.511295
       1.513946
       1.516599
       1.519256
       1.521917
        1.52458
       1.527246
       1.529916
       1.532588
       1.535263
        1.53794
       1.540621
       1.543303
       1.545988
       1.548676
       1.551365
       1.554057
       1.556751
       1.559446
       1.562144
       1.564843
       1.567544
       1.570246
        1.57295
       1.575655
       1.578361
       1.581068
       1.583776
       1.586485
       1.589195
       1.591906
       1.594617
       1.597329
       1.600041
       1.602753
       1.605466
       1.608178
        1.61089
       1.613603
       1.616315
       1.619026
       1.621737
       1.624448
       1.627157
       1.629866
       1.632574
       1.635281
       1.637987
       1.640691
       1.643394
       1.646096
       1.648796
       1.651494
        1.65419
       1.656884
       1.659576
       1.662266
       1.664954
       1.667639
       1.670322
       1.673002
       1.675679
       1.678353
       1.681024
       1.683692
       1.686357
       1.689018
       1.691676
        1.69433
       1.696981
       1.699627
        1.70227
       1.704908
       1.707542
       1.710172
       1.712798
       1.715418
       1.718034
       1.720646
       1.723252
       1.725853
       1.728449
        1.73104
       1.733625
       1.736204
       1.738778
       1.741346
       1.743908
       1.746464
       1.749014
       1.751557
       1.754094
       1.756625
       1.759149
       1.761665
       1.764175
       1.766678
       1.769174
       1.771663
       1.774144
       1.776617
       1.779083
       1.781541
       1.783991
       1.786433
       1.788867
       1.791292
       1.793709
       1.796118
       1.798518
       1.800909
       1.803291
       1.805664
       1.808028
       1.810383
       1.812729
       1.815064
       1.817391
       1.819707
       1.822014
        1.82431
       1.826597
       1.828873
       1.831139
       1.833395
       1.835639
       1.837874
       1.840097
       1.842309
        1.84451
       1.846701
       1.848879
       1.851047
       1.853203
       1.855347
       1.857479
         1.8596
       1.861708
       1.863805
       1.865889
       1.867961
       1.870021
       1.872068
       1.874102
       1.876123
       1.878132
       1.880128
        1.88211
       1.884079
       1.886035
       1.887978
       1.889907
       1.891822
       1.893724
       1.895612
       1.897485
       1.899345
       1.901191
       1.903022
       1.904839
       1.906641
       1.908429
       1.910202
       1.911961
       1.913704
       1.915433
       1.917146
       1.918844
       1.920527
       1.922195
       1.923847
       1.925484
       1.927105
        1.92871
       1.930299
       1.931873
       1.933431
       1.934972
       1.936497
       1.938006
       1.939499
       1.940975
       1.942435
       1.943878
       1.945304
       1.946713
       1.948106
       1.949482
       1.950841
       1.952182
       1.953507
       1.954814
       1.956104
       1.957376
       1.958631
       1.959868
       1.961088
        1.96229
       1.963475
       1.964641
        1.96579
        1.96692
       1.968033
       1.969127
       1.970204
       1.971262
       1.972302
       1.973323
       1.974326
       1.975311
       1.976277
       1.977224
       1.978153
       1.979063
       1.979954
       1.980827
       1.981681
       1.982515
       1.983331
       1.984128
       1.984906
       1.985664
       1.986404
       1.987124
       1.987825
       1.988507
        1.98917
       1.989813
       1.990436
       1.991041
       1.991626
       1.992191
       1.992737
       1.993263
        1.99377
       1.994257
       1.994724
       1.995172
         1.9956
       1.996008
       1.996397
       1.996766
       1.997114
       1.997444
       1.997753
       1.998042
       1.998312
       1.998561
       1.998791
       1.999001
        1.99919
        1.99936
        1.99951
        1.99964
        1.99975
        1.99984
        1.99991
        1.99996
        1.99999
              2
        1.99999
        1.99996
        1.99991
        1.99984
        1.99975
        1.99964
        1.99951
        1.99936
        1.99919
          1.999
       1.998791
       1.998561
       1.998311
       1.998042
       1.997752
       1.997443
       1.997114
       1.996765
       1.996396
       1.996008
       1.995599
       1.995171
       1.994724
       1.994256
       1.993769
       1.993262
       1.992736
        1.99219
       1.991625
        1.99104
       1.990436
       1.989812
       1.989169
       1.988506
       1.987824
       1.987123
       1.986403
       1.985663
       1.984904
       1.984127
        1.98333
       1.982514
       1.981679
       1.980825
       1.979953
       1.979062
       1.978151
       1.977223
       1.976275
       1.975309
       1.974325
       1.973321
         1.9723
        1.97126
       1.970202
       1.969126
       1.968031
       1.966919
       1.965788
       1.964639
       1.963473
       1.962288
       1.961086
       1.959867
       1.958629
       1.957374
       1.956102
       1.954812
       1.953505
        1.95218
       1.950838
        1.94948
       1.948104
       1.946711
       1.945302
       1.943875
       1.942432
       1.940973
       1.939496
       1.938004
       1.936495
        1.93497
       1.933428
       1.931871
       1.930297
       1.928708
       1.927102
       1.925481
       1.923845
       1.922192
       1.920525
       1.918842
       1.917143
        1.91543
       1.913701
       1.911958
         1.9102
       1.908426
       1.906638
       1.904836
       1.903019
       1.901188
       1.899342
       1.897483
       1.895609
       1.893721
       1.891819
       1.889904
       1.887975
       1.886033
       1.884077
       1.882107
       1.880125
       1.878129
        1.87612
       1.874099
       1.872065
       1.870018
       1.867958
       1.865886
       1.863802
       1.861705
       1.859597
       1.857476
       1.855344
         1.8532
       1.851044
       1.848876
       1.846697
       1.844507
       1.842306
       1.840094
        1.83787
       1.835636
       1.833391
       1.831136
        1.82887
       1.826594
       1.824307
       1.822011
       1.819704
       1.817388
       1.815061
       1.812725
        1.81038
       1.808025
       1.805661
       1.803288
       1.800906
       1.798515
       1.796115
       1.793706
       1.791289
       1.788863
        1.78643
       1.783988
       1.781538
        1.77908
       1.776614
        1.77414
       1.771659
       1.769171
       1.766675
       1.764172
       1.761662
       1.759145
       1.756621
       1.754091
       1.751554
       1.749011
       1.746461
       1.743905
       1.741343
       1.738775
       1.736201
       1.733621
       1.731036
       1.728446
        1.72585
       1.723249
       1.720642
       1.718031
       1.715415
       1.712794
       1.710169
       1.707539
       1.704905
       1.702267
       1.699624
       1.696977
       1.694327
       1.691673
       1.689015
       1.686354
       1.683689
       1.681021
        1.67835
       1.675676
       1.672998
       1.670318
       1.667636
       1.664951
       1.662263
       1.659573
       1.656881
       1.654187
       1.651491
       1.648792
       1.646093
       1.643391
       1.640688
       1.637984
       1.635278
       1.632571
       1.629863
       1.627154
       1.624445
       1.621734
       1.619023
       1.616312
         1.6136
       1.610888
       1.608175
       1.605463
        1.60275
       1.600038
       1.597326
       1.594614
       1.591903
       1.589192
       1.586483
       1.583773
       1.581065
       1.578358
       1.575652
       1.572947
       1.570243
       1.567541
        1.56484
       1.562141
       1.559444
       1.556748
       1.554054
       1.551363
       1.548673
       1.545986
       1.543301
       1.540618
       1.537938
        1.53526
       1.532585
       1.529913
       1.527244
       1.524577
       1.521914
       1.519254
       1.516597
       1.513943
       1.511293
       1.508646
       1.506003
       1.503364
       1.500728
       1.498096
       1.495468
       1.492844
       1.490224
       1.487609
       1.484997
        1.48239
       1.479787
       1.477189
       1.474596
       1.472007
       1.469422
       1.466843
       1.464269
       1.461699
       1.459134
       1.456575
       1.454021
       1.451472
       1.448928
        1.44639
       1.443857
        1.44133
       1.438809
       1.436293
       1.433783
       1.431278
        1.42878
       1.426287
       1.423801
        1.42132
       1.418846
       1.416378
       1.413916
       1.411461
       1.409012
       1.406569
       1.404133
       1.401703
        1.39928
       1.396864
       1.394454
       1.392052
       1.389656
       1.387267
       1.384885
        1.38251
       1.380142
       1.377781
       1.375427
        1.37308
       1.370741
       1.368409
       1.366084
       1.363767
       1.361457
       1.359155
        1.35686
       1.354573
       1.352293
       1.350021
       1.347757
         1.3455
       1.343252
       1.341011
       1.338778
       1.336552
       1.334335
       1.332126
       1.329925
       1.327731
       1.325546
       1.323369
         1.3212
       1.319039
       1.316887
       1.314742
       1.312606
       1.310478
       1.308359
       1.306248
       1.304145
        1.30205
       1.299965
       1.297887
       1.295818
       1.293757
       1.291705
       1.289662
       1.287627
       1.285601
       1.283583
       1.281574
       1.279573
       1.277581
       1.275598
       1.273624
       1.271658
       1.269701
       1.267753
       1.265813
       1.263883
       1.261961
       1.260048
       1.258143
       1.256248
       1.254361
       1.252483
       1.250614
       1.248754
       1.246903
        1.24506
       1.243227
       1.241402
       1.239587
        1.23778
       1.235982
       1.234193
       1.232413
       1.230642
       1.228879
       1.227126
       1.225382
       1.223646
        1.22192
       1.220202
       1.218493
       1.216794
       1.215103
       1.213421
       1.211748
       1.210084
       1.208428
       1.206782
       1.205145
       1.203516
       1.201897
       1.200286
       1.198684
       1.197091
       1.195507
       1.193932
       1.192365
       1.190808
       1.189259
       1.187719
       1.186188
       1.184666
       1.183152
       1.181647
       1.180151
       1.178664
       1.177185
       1.175716
       1.174254
       1.172802
       1.171358
       1.169923
       1.168497
       1.167079
        1.16567
       1.164269
       1.162877
       1.161494
       1.160119
       1.158753
       1.157395
       1.156045
       1.154705
       1.153372
       1.152048
       1.150733
       1.149425
       1.148127
       1.146836
       1.145554
        1.14428
       1.143015
       1.141757
       1.140508
       1.139268
       1.138035
       1.136811
       1.135594
       1.134386
       1.133186
       1.131994
        1.13081
       1.129634
       1.128466
       1.127307
       1.126155
       1.125011
       1.123874
       1.122746
       1.121626
       1.120513
       1.119408
       1.118311
       1.117222
        1.11614
       1.115066
          1.114
       1.112941
       1.111889
       1.110846
        1.10981
       1.108783
       1.107764
       1.106753
       1.105748
       1.104749
       1.103754
       1.102762
       1.101775
       1.100795
       1.099826
       1.098873
        1.09794
       1.097029
        1.09614
       1.095264
       1.094388
       1.093497
       1.092573
       1.091601
       1.090574
         1.0895
       1.088397
       1.087299
       1.086251
       1.085301
         1.0845
       1.083888
       1.083495
       1.083334
         1.0834
