              2
              1
              1
              1
              1
              1
              1
              1
              1
              1
              1
              1
              1
              1
              1
              1
              1
              1
              1
              1
              1
              1
              1
              1
              1
              1
              1
              1
              1
              1
              1
              1
              1
              1
              1
              1
              1
              1
              1
              1
              1
              1
              1
              1
              1
              1
              1
              1
              1
              1
              1
              1
              1
              1
              1
              1
              1
              1
              1
              1
              1
              1
              1
              1
              1
              1
              1
              1
              1
              1
              1
              1
              1
              1
              1
              1
              1
              1
              1
              1
              1
              1
              1
              1
              1
              1
              1
              1
              1
              1
              1
              1
              1
              1
              1
              1
              1
              1
              1
              1
              1
              1
              1
              1
              1
              1
              1
              1
              1
              1
              1
              1
              1
              1
              1
              1
              1
              1
              1
              1
              1
              1
              1
              1
              1
              1
              1
              1
              1
              1
              1
              1
              1
              1
              1
              1
              1
              1
              1
              1
              1
              1
              1
              1
              1
              1
              1
              1
              1
              1
              1
              1
              1
              1
              1
              1
              1
              1
              1
              1
              1
              1
              1
              1
              1
              1
              1
              1
              1
              1
              1
              1
              1
              1
              1
              1
              1
              1
              1
              1
              1
              1
              1
              1
              1
              1
              1
              1
              1
              1
              1
              1
              1
              1
              1
              1
              1
              1
              1
              1
              1
              1
              1
              1
              1
              1
              1
              1
              1
              1
              1
              1
              1
              1
              1
              1
              1
              1
              1
              1
              1
              1
              1
              1
              1
              1
              1
              1
              1
              1
              1
              1
              1
              1
              1
              1
              1
              1
              1
              1
              1
              1
              1
              1
              1
      0.9999999
      0.9999998
      0.9999998
      0.9999999
              1
       1.000001
       1.000001
       1.000001
              1
      0.9999979
      0.9999948
      0.9999923
       0.999993
      0.9999991
       1.000012
       1.000028
       1.000041
       1.000039
       1.000011
      0.9999519
      0.9998707
      0.9997974
      0.9997802
      0.9998726
       1.000109
       1.000472
       1.000867
       1.001119
       1.001004
       1.000323
      0.9990093
      0.9972368
      0.9954795
      0.9944829
      0.9951108
       0.998073
       1.003588
       1.011072
       1.018985
       1.024917
       1.026001
       1.019582
       1.004052
      0.9796185
      0.9488116
      0.9165184
      0.8894759
      0.8752664
      0.8810009
      0.9119733
      0.9705853
       1.055792
       1.163187
       1.285709
       1.414796
       1.541721
       1.658845
       1.760537
       1.843639
       1.907446
       1.953296
       1.983926
       2.002751
        2.01323
       2.018404
       2.020641
       2.021578
       2.022198
       2.022982
       2.024083
       2.025478
       2.027075
       2.028779
       2.030521
       2.032263
       2.033991
       2.035704
       2.037407
       2.039105
       2.040803
       2.042501
         2.0442
         2.0459
         2.0476
         2.0493
          2.051
         2.0527
         2.0544
         2.0561
         2.0578
         2.0595
         2.0612
         2.0629
         2.0646
         2.0663
          2.068
         2.0697
         2.0714
         2.0731
         2.0748
         2.0765
         2.0782
         2.0799
         2.0816
         2.0833
          2.085
         2.0867
         2.0884
         2.0901
         2.0918
         2.0935
         2.0952
         2.0969
         2.0986
         2.1003
          2.102
         2.1037
         2.1054
         2.1071
         2.1088
         2.1105
         2.1122
         2.1139
         2.1156
         2.1173
          2.119
         2.1207
         2.1224
         2.1241
         2.1258
         2.1275
         2.1292
         2.1309
         2.1326
         2.1343
          2.136
         2.1377
         2.1394
         2.1411
         2.1428
         2.1445
         2.1462
         2.1479
         2.1496
         2.1513
          2.153
         2.1547
         2.1564
         2.1581
         2.1598
         2.1615
         2.1632
         2.1649
         2.1666
         2.1683
           2.17
         2.1717
         2.1734
         2.1751
         2.1768
         2.1785
         2.1802
         2.1819
         2.1836
         2.1853
          2.187
         2.1887
         2.1904
         2.1921
         2.1938
         2.1955
         2.1972
         2.1989
         2.2006
         2.2023
          2.204
         2.2057
         2.2074
         2.2091
         2.2108
         2.2125
         2.2142
         2.2159
         2.2176
         2.2193
          2.221
         2.2227
         2.2244
         2.2261
         2.2278
         2.2295
         2.2312
         2.2329
         2.2346
         2.2363
          2.238
         2.2397
         2.2414
         2.2431
         2.2448
         2.2465
         2.2482
         2.2499
         2.2516
         2.2533
          2.255
         2.2567
         2.2584
         2.2601
         2.2618
         2.2635
         2.2652
         2.2669
         2.2686
         2.2703
          2.272
         2.2737
         2.2754
         2.2771
         2.2788
         2.2805
         2.2822
         2.2839
         2.2856
         2.2873
          2.289
         2.2907
         2.2924
         2.2941
         2.2958
         2.2975
         2.2992
         2.3009
         2.3026
         2.3043
          2.306
         2.3077
         2.3094
         2.3111
         2.3128
         2.3145
         2.3162
         2.3179
         2.3196
         2.3213
          2.323
         2.3247
         2.3264
         2.3281
         2.3298
         2.3315
         2.3332
         2.3349
         2.3366
         2.3383
           2.34
         2.3417
         2.3434
         2.3451
         2.3468
         2.3485
         2.3502
         2.3519
         2.3536
         2.3553
          2.357
         2.3587
         2.3604
         2.3621
         2.3638
         2.3655
         2.3672
         2.3689
         2.3706
         2.3723
          2.374
         2.3757
         2.3774
         2.3791
         2.3808
         2.3825
         2.3842
         2.3859
         2.3876
         2.3893
          2.391
         2.3927
         2.3944
         2.3961
         2.3978
         2.3995
         2.4012
         2.4029
         2.4046
         2.4063
          2.408
         2.4097
         2.4114
         2.4131
         2.4148
         2.4165
         2.4182
         2.4199
         2.4216
         2.4233
       2.424999
       2.426698
       2.428398
         2.4301
       2.431803
       2.433508
       2.435212
       2.436911
       2.438601
       2.440282
       2.441958
       2.443638
       2.445341
       2.447083
       2.448873
       2.450695
       2.452506
       2.454232
       2.455792
       2.457135
       2.458288
       2.459391
       2.460712
       2.462587
       2.465316
       2.468998
       2.473372
       2.477722
       2.480922
       2.481669
       2.478895
       2.472271
       2.462679
       2.452448
       2.445211
       2.445297
       2.456706
        2.48186
       2.520437
       2.568611
       2.619001
        2.66144
       2.684488
       2.677427
       2.632283
       2.545454
       2.418542
       2.258217
       2.075155
       1.882293
       1.692805
       1.518217
       1.367018
        1.24396
       1.150093
       1.083379
       1.039672
       1.013805
       1.000548
      0.9953053
      0.9944973
      0.9956515
      0.9972845
       0.998669
      0.9995735
       1.000034
        1.00019
       1.000183
       1.000119
       1.000056
       1.000013
       0.999994
      0.9999895
       0.999992
       0.999996
      0.9999989
              1
       1.000001
       1.000001
              1
              1
              1
              1
              1
              1
              1
              1
              1
              1
              1
              1
              1
              1
              1
              1
              1
              1
              1
              1
              1
              1
              1
              1
              1
              1
              1
              1
              1
              1
              1
              1
              1
              1
              1
              1
              1
              1
              1
              1
              1
              1
              1
              1
              1
              1
              1
              1
              1
              1
              1
              1
              1
              1
              1
              1
              1
              1
              1
              1
              1
              1
              1
              1
              1
              1
              1
              1
              1
              1
              1
              1
              1
              1
              1
              1
              1
              1
              1
              1
              1
              1
              1
              1
              1
              1
              1
              1
              1
              1
              1
              1
              1
              1
              1
              1
              1
              1
              1
              1
              1
              1
              1
              1
              1
              1
              1
              1
              1
              1
              1
              1
              1
              1
              1
              1
              1
              1
              1
              1
              1
              1
              1
              1
              1
              1
              1
              1
              1
              1
              1
              1
              1
              1
              1
              1
              1
              1
              1
              1
              1
              1
              1
              1
              1
              1
              1
              1
              1
              1
              1
              1
              1
              1
              1
              1
              1
              1
              1
              1
              1
              1
              1
              1
              1
              1
              1
              1
              1
              1
              1
              1
              1
              1
              1
              1
              1
              1
              1
              1
              1
              1
              1
              1
              1
              1
              1
              1
              1
              1
              1
              1
              1
              1
              1
              1
              1
              1
              1
              1
              1
              1
              1
              1
              1
              1
              1
              1
              1
              1
              1
              1
              1
              1
              1
              1
              1
              1
              1
              1
              1
              1
              1
              1
              1
              1
              1
              1
              1
              1
              1
              1
              1
              1
              1
              1
              1
              1
              1
              1
              1
              1
              1
              1
              1
              1
              1
              1
              1
              1
              1
              1
              1
              1
              1
              1
              1
              1
              1
              1
              1
              1
              1
              1
              1
              1
              1
              1
              1
              1
              1
              1
              1
              1
              1
              1
              1
              1
              1
              1
              1
              1
              1
              1
              1
              1
              1
              1
              1
              1
              1
              1
              1
              1
              1
              1
              1
              1
              1
              1
              1
              1
              1
              1
              1
              1
              1
              1
              1
              1
              1
              1
              1
              1
              1
              1
              1
              1
              1
              1
              1
              1
              1
              1
              1
              1
              1
              1
              1
              1
              1
              1
              1
              1
              1
              1
              1
              1
              1
              1
              1
              1
              1
              1
              1
              1
              1
              1
              1
              1
              1
              1
              1
              1
              1
              1
              1
              1
              1
              1
              1
              1
              1
              1
              1
              1
              1
              1
              1
              1
              1
              1
