             50
       1.123499
       1.127323
       1.131774
       1.136842
       1.142514
       1.148773
       1.155604
       1.162987
       1.170901
       1.179324
       1.188232
       1.197597
       1.207391
       1.217582
       1.228139
       1.239026
       1.250207
       1.261641
       1.273288
       1.285107
       1.297051
       1.309075
       1.321133
       1.333175
       1.345151
       1.357012
       1.368706
       1.380183
       1.391391
        1.40228
       1.412798
       1.422898
        1.43253
       1.441649
       1.450209
       1.458168
       1.465487
       1.472128
       1.478057
       1.483243
       1.487659
       1.491282
       1.494092
       1.496073
       1.497215
       1.497511
       1.496959
        1.49556
       1.493321
       1.490254
       1.486373
       1.481698
       1.476252
       1.470063
       1.463162
       1.455584
       1.447365
       1.438548
       1.429175
       1.419291
       1.408945
       1.398187
       1.387066
       1.375634
       1.363944
       1.352049
       1.340002
       1.327855
        1.31566
       1.303469
       1.291332
       1.279298
       1.267414
       1.255727
        1.24428
       1.233116
       1.222273
        1.21179
       1.201703
       1.192044
       1.182845
       1.174133
       1.165936
       1.158276
       1.151176
       1.144654
       1.138729
       1.133416
       1.128727
       1.124673
       1.121265
        1.11851
       1.116413
       1.114979
       1.114209
       1.114106
       1.114668
       1.115893
       1.117777
       1.120315
