              2
              1
              1
              1
              1
              1
       1.000001
       1.000001
       1.000003
       1.000008
       1.000018
       1.000039
       1.000084
       1.000174
       1.000354
       1.000697
       1.001335
       1.002482
       1.004481
       1.007848
       1.013332
       1.021961
       1.035063
       1.054247
       1.081312
       1.118063
       1.166048
       1.226234
       1.298672
       1.382244
       1.474575
        1.57217
       1.670795
       1.766047
       1.853995
       1.931738
        1.99775
       2.051928
       2.095362
       2.129919
       2.157762
       2.180951
       2.201169
       2.219622
       2.237054
       2.253819
       2.269965
       2.285284
       2.299312
       2.311295
       2.320126
        2.32428
       2.321787
       2.310269
       2.287075
       2.249557
       2.195467
       2.123445
       2.033509
       1.927432
       1.808863
       1.683113
       1.556572
       1.435847
       1.326798
       1.233708
       1.158772
       1.102037
       1.061758
       1.035034
        1.01853
       1.009085
       1.004102
       1.001693
       1.000633
       1.000212
       1.000063
       1.000016
       1.000004
       1.000001
              1
              1
              1
              1
              1
              1
              1
              1
              1
              1
              1
              1
              1
              1
              1
              1
              1
              1
              1
              1
              1
