            100
       1.016956
       1.027086
       1.036442
       1.043736
        1.04767
       1.047078
       1.041073
       1.029179
       1.011435
      0.9884574
      0.9614498
      0.9321619
      0.9027889
      0.8758254
      0.8538825
      0.8394843
      0.8348629
      0.8417697
      0.8613219
      0.8938994
       0.939102
      0.9957724
       1.062085
       1.135692
       1.213911
       1.293948
       1.373115
       1.449046
       1.519867
       1.584322
       1.641832
       1.692488
       1.736974
       1.776436
         1.8123
       1.846074
       1.879142
       1.912578
       1.946995
       1.982454
       2.018426
       2.053827
       2.087106
       2.116385
       2.139634
       2.154859
       2.160286
       2.154523
       2.136689
        2.10649
       2.064247
       2.010872
       1.947799
       1.876874
       1.800228
       1.720131
       1.638852
       1.558534
       1.481085
         1.4081
       1.340815
       1.280088
       1.226403
       1.179908
       1.140455
       1.107655
       1.080946
       1.059646
       1.043011
       1.030287
       1.020749
       1.013731
       1.008653
       1.005034
       1.002494
       1.000756
      0.9996312
      0.9990029
      0.9988058
          0.999
      0.9995461
       1.000383
       1.001414
       1.002495
       1.003445
       1.004057
       1.004127
       1.003484
       1.002034
      0.9997849
      0.9968769
      0.9935902
      0.9903337
      0.9876138
      0.9859806
      0.9859581
      0.9879654
      0.9922371
      0.9987557
       1.007205
