             50
      0.9909118
      0.9904304
       0.991924
      0.9957837
       1.002033
        1.01022
       1.019377
       1.028073
       1.034557
       1.036997
       1.033769
       1.023765
       1.006669
      0.9831454
      0.9549051
      0.9246347
      0.8957799
      0.8722147
      0.8578385
       0.856154
      0.8698833
      0.9006713
      0.9489098
       1.013698
       1.092934
       1.183518
       1.281638
        1.38309
       1.483622
       1.579246
       1.666521
       1.742779
       1.806287
       1.856348
       1.893323
       1.918572
       1.934319
       1.943422
       1.949086
       1.954511
       1.962521
       1.975216
       1.993684
       2.017817
       2.046266
       2.076548
       2.105303
        2.12866
       2.142689
       2.143864
       2.129476
       2.097957
       2.049059
       1.983881
       1.904741
       1.814918
       1.718307
       1.619036
       1.521091
       1.427994
       1.342569
       1.266803
       1.201812
         1.1479
       1.104677
       1.071231
       1.046302
       1.028465
       1.016271
       1.008365
       1.003565
       1.000894
      0.9995989
      0.9991256
      0.9990965
      0.9992719
      0.9995124
      0.9997446
      0.9999343
       1.000066
        1.00013
       1.000122
       1.000041
      0.9998963
      0.9997119
      0.9995316
      0.9994151
      0.9994291
      0.9996308
       1.000047
       1.000654
       1.001362
       1.002015
       1.002406
       1.002313
       1.001554
       1.000047
       0.997866
      0.9952801
      0.9927556
