             10
       1.094721
       1.100686
       1.109048
       1.119262
       1.130854
       1.143484
       1.156954
       1.171182
       1.186171
       1.201959
       1.218591
       1.236103
       1.254508
       1.273807
       1.293984
       1.315017
       1.336878
       1.359532
       1.382937
       1.407045
       1.431802
       1.457146
       1.483005
       1.509303
       1.535955
        1.56287
       1.589952
       1.617096
       1.644195
       1.671136
       1.697803
       1.724075
       1.749832
       1.774949
       1.799304
       1.822774
       1.845238
       1.866577
       1.886677
       1.905429
       1.922727
       1.938475
       1.952584
       1.964972
       1.975567
       1.984307
       1.991141
       1.996028
       1.998941
       1.999861
       1.998783
       1.995714
       1.990674
       1.983691
       1.974808
       1.964078
       1.951564
       1.937339
       1.921485
       1.904092
       1.885259
        1.86509
       1.843696
        1.82119
       1.797692
       1.773322
       1.748203
       1.722458
        1.69621
       1.669578
       1.642682
       1.615636
       1.588555
       1.561545
       1.534712
       1.508153
       1.481958
       1.456204
       1.430958
       1.406278
       1.382219
       1.358842
       1.336218
       1.314433
       1.293571
       1.273696
       1.254819
       1.236872
       1.219704
       1.203103
       1.186858
       1.170841
       1.155091
        1.13987
       1.125666
       1.113131
       1.102965
       1.095781
       1.091982
       1.091686
