             20
       1.097949
       1.103422
       1.111036
       1.120454
       1.131368
       1.143525
       1.156742
       1.170901
       1.185938
       1.201828
       1.218571
       1.236177
       1.254655
       1.274008
       1.294231
       1.315307
       1.337212
       1.359912
       1.383366
       1.407524
        1.43233
        1.45772
       1.483624
       1.509963
       1.536654
       1.563603
       1.590714
       1.617883
       1.645002
       1.671956
        1.69863
       1.724903
       1.750654
       1.775758
       1.800094
       1.823537
       1.845967
       1.867266
       1.887319
       1.906018
       1.923258
       1.938943
       1.952984
         1.9653
        1.97582
       1.984482
       1.991237
       1.996045
       1.998876
       1.999717
       1.998561
       1.995416
       1.990303
       1.983251
       1.974303
       1.963513
       1.950944
        1.93667
       1.920773
       1.903345
       1.884484
       1.864293
       1.842884
        1.82037
       1.796868
       1.772499
       1.747387
       1.721655
       1.695428
       1.668829
        1.64198
       1.614993
       1.587976
       1.561025
       1.534229
       1.507672
       1.481438
       1.455619
       1.430315
       1.405634
       1.381687
       1.358574
       1.336364
       1.315079
       1.294682
       1.275073
       1.256106
        1.23762
       1.219477
       1.201613
       1.184077
       1.167048
        1.15084
       1.135872
       1.122617
       1.111542
       1.103042
        1.09739
       1.094706
       1.094952
