              5
       1.000002
       1.000005
       1.000005
      0.9999989
      0.9999822
      0.9999618
      0.9999608
       1.000013
       1.000136
        1.00028
         1.0003
      0.9999879
       0.999228
      0.9982375
      0.9977451
      0.9988694
       1.002512
       1.008349
       1.013911
       1.014537
       1.004878
      0.9819055
      0.9483882
      0.9149749
      0.8991388
       0.920458
      0.9936015
       1.121922
       1.294726
       1.489803
       1.680329
       1.843195
        1.96525
       2.045182
       2.091006
       2.115023
       2.128862
       2.140466
        2.15356
       2.168856
       2.185769
       2.203651
       2.222119
       2.240718
        2.25843
       2.273682
        2.28518
       2.293434
       2.302158
       2.318337
        2.34996
       2.401488
       2.468656
        2.53539
       2.575459
        2.55962
       2.466161
       2.290479
       2.049082
       1.775672
       1.510685
       1.288755
       1.129378
       1.034172
      0.9907426
      0.9803064
      0.9851671
      0.9932341
      0.9988608
       1.001103
       1.001185
       1.000562
       1.000067
      0.9998891
      0.9999085
      0.9999718
       1.000007
       1.000012
       1.000005
      0.9999996
      0.9999986
      0.9999994
              1
              1
              1
              1
              1
              1
              1
              1
              1
              1
              1
              1
              1
              1
      0.9999999
      0.9999995
      0.9999993
      0.9999999
