              5
       1.091955
       1.098533
       1.107793
       1.118853
       1.131021
       1.143896
       1.157352
       1.171438
       1.186268
       1.201945
       1.218525
        1.23602
       1.254422
       1.273712
       1.293872
       1.314882
       1.336716
       1.359343
       1.382722
       1.406806
        1.43154
        1.45686
       1.482697
       1.508974
       1.535607
       1.562505
       1.589572
       1.616703
       1.643793
       1.670727
        1.69739
       1.723662
       1.749421
       1.774545
       1.798909
       1.822392
       1.844873
       1.866232
       1.886355
       1.905132
        1.92246
        1.93824
       1.952382
       1.964806
       1.975438
       1.984217
       1.991091
       1.996019
       1.998971
       1.999931
       1.998892
       1.995862
       1.990858
        1.98391
        1.97506
        1.96436
       1.951874
       1.937673
        1.92184
       1.904466
       1.885647
        1.86549
       1.844103
       1.821602
       1.798105
       1.773733
       1.748608
       1.722855
       1.696595
       1.669949
       1.643038
       1.615977
       1.588877
       1.561847
       1.534989
       1.508398
       1.482165
       1.456374
       1.431102
       1.406422
       1.382393
       1.359067
       1.336483
       1.314669
       1.293661
       1.273504
        1.25426
       1.235998
       1.218754
       1.202483
       1.187026
       1.172123
       1.157501
       1.143023
        1.12885
       1.115527
       1.103937
       1.095111
       1.089939
       1.088906
