              2
       1.088831
       1.096462
       1.107155
       1.119276
         1.1318
        1.14448
       1.157569
       1.171403
       1.186166
       1.201877
       1.218498
       1.236003
       1.254391
        1.27366
       1.293803
       1.314798
       1.336618
        1.35923
       1.382595
       1.406664
       1.431383
       1.456689
       1.482513
       1.508778
       1.535399
       1.562287
       1.589344
       1.616469
       1.643552
       1.670482
       1.697143
       1.723414
       1.749175
       1.774302
       1.798673
       1.822164
       1.844654
       1.866025
       1.886162
       1.904955
         1.9223
       1.938099
       1.952261
       1.964706
       1.975361
       1.984163
       1.991061
       1.996012
       1.998989
       1.999972
       1.998957
        1.99595
       1.990968
       1.984041
        1.97521
       1.964529
       1.952058
       1.937873
       1.922053
       1.904689
        1.88588
       1.865729
       1.844347
       1.821849
       1.798352
       1.773979
       1.748851
       1.723092
       1.696826
       1.670172
       1.643251
       1.616179
       1.589068
       1.562025
       1.535153
       1.508548
       1.482301
       1.456496
       1.431209
       1.406509
       1.382459
       1.359114
       1.336521
       1.314721
       1.293747
       1.273622
        1.25436
       1.235967
       1.218459
       1.201876
       1.186269
       1.171647
       1.157883
       1.144676
       1.131655
       1.118685
       1.106231
       1.095518
       1.088237
       1.085844
