            100
       1.016114
       1.026746
       1.036806
        1.04497
        1.04987
       1.050241
       1.045072
        1.03375
       1.016177
       0.992852
       0.964898
       0.934036
      0.9024976
      0.8728849
       0.847985
      0.8305561
      0.8231018
      0.8276571
      0.8456042
      0.8775392
      0.9232034
       0.981489
       1.050522
       1.127816
       1.210486
       1.295499
       1.379943
       1.461281
       1.537572
       1.607624
       1.671074
       1.728376
       1.780705
       1.829772
       1.877595
       1.926217
       1.977431
       2.032521
       2.092063
       2.155792
       2.222561
       2.290393
        2.35662
        2.41809
       2.471431
        2.51333
       2.540812
       2.551493
       2.543763
       2.516921
       2.471214
       2.407809
       2.328694
       2.236518
       2.134397
       2.025702
       1.913842
       1.802068
        1.69331
       1.590055
       1.494263
       1.407337
       1.330126
       1.262971
       1.205765
       1.158035
       1.119038
        1.08784
        1.06341
       1.044685
       1.030636
       1.020313
       1.012877
       1.007624
       1.003988
        1.00154
      0.9999721
      0.9990817
      0.9987404
      0.9988658
      0.9993917
       1.000242
       1.001309
       1.002445
       1.003466
       1.004157
       1.004306
       1.003734
       1.002331
       1.000093
      0.9971455
      0.9937605
      0.9903438
      0.9874071
      0.9855165
      0.9852229
      0.9869825
      0.9910743
      0.9975284
       1.006073
