              1
              1
              1
              1
              1
              1
              1
              1
              1
              1
              1
              1
      0.9999998
      0.9999975
      0.9999959
       1.000006
       1.000036
       1.000051
      0.9999323
      0.9995899
      0.9993674
       1.000363
       1.003544
       1.006923
       1.003023
      0.9825348
      0.9478225
      0.9280166
      0.9757435
       1.133888
       1.392432
       1.678535
       1.900421
       2.010586
       2.029472
       2.012019
       1.998519
        1.99708
       1.999588
       2.000477
       2.000122
       1.999922
       1.999982
       2.000016
       2.000005
       1.999992
       1.999965
       1.999949
       2.000068
        2.00041
       2.000633
       1.999637
       1.996456
       1.993077
       1.996977
       2.017465
       2.052178
       2.071983
       2.024257
       1.866112
       1.607568
       1.321465
       1.099579
      0.9894136
      0.9705284
      0.9879815
       1.001481
        1.00292
       1.000412
      0.9995226
      0.9998782
       1.000078
       1.000018
       0.999986
      0.9999991
       1.000002
      0.9999996
      0.9999998
              1
              1
              1
              1
              1
              1
              1
              1
              1
              1
              1
              1
              1
              1
              1
              1
              1
              1
              1
              1
              1
              1
              1
