              5
       1.000002
       1.000005
       1.000005
      0.9999988
      0.9999823
      0.9999626
      0.9999622
       1.000014
       1.000135
       1.000274
       1.000289
      0.9999775
      0.9992308
      0.9982697
      0.9978144
      0.9989565
       1.002556
       1.008253
       1.013583
       1.013972
       1.004241
      0.9815814
      0.9489323
      0.9169311
      0.9027483
      0.9253368
      0.9985056
       1.124706
       1.292536
       1.479463
        1.65879
       1.807924
       1.914433
       1.977741
       2.006446
       2.013229
       2.009899
       2.004454
       2.000599
       1.998983
       1.998923
       1.999651
       2.000727
       2.001804
       2.002246
       2.001062
       1.997439
        1.99174
       1.986414
       1.986028
        1.99576
       2.018419
       2.051068
       2.083069
       2.097252
       2.074663
       2.001495
       1.875295
       1.707464
       1.520537
       1.341208
       1.192072
       1.085562
        1.02226
      0.9935715
      0.9868086
      0.9901386
      0.9955313
      0.9992659
       1.000742
       1.000788
       1.000371
       1.000043
      0.9999258
      0.9999394
      0.9999815
       1.000005
       1.000008
       1.000003
      0.9999997
      0.9999991
      0.9999996
              1
              1
              1
              1
              1
              1
              1
              1
              1
              1
              1
              1
              1
              1
      0.9999999
      0.9999995
      0.9999993
      0.9999999
