             10
      0.9999285
      0.9998985
      0.9999237
       1.000045
       1.000265
       1.000512
        1.00062
       1.000366
      0.9995804
      0.9983094
      0.9969683
      0.9963698
       0.997532
       1.001231
       1.007393
       1.014571
       1.019805
       1.019143
       1.008884
      0.9872681
       0.956098
      0.9215981
      0.8939838
      0.8855948
       0.907977
      0.9687423
       1.069211
       1.203639
       1.360317
       1.524209
       1.680296
       1.816624
       1.926232
       2.007597
        2.06375
       2.100559
       2.124821
       2.142678
       2.158598
       2.174975
       2.192219
       2.209246
       2.224262
       2.235781
       2.243696
       2.250091
       2.259402
       2.277563
       2.310111
       2.359624
       2.423306
       2.491734
       2.549542
        2.57826
       2.560713
       2.485731
       2.351655
       2.167449
       1.950983
       1.725012
       1.512108
       1.330076
       1.189088
       1.091098
       1.031301
        1.00083
      0.9896858
      0.9890391
       0.992499
      0.9963376
      0.9989931
       1.000269
       1.000582
        1.00044
       1.000204
       1.000037
      0.9999675
      0.9999613
      0.9999784
      0.9999945
       1.000002
       1.000003
       1.000002
              1
      0.9999997
      0.9999997
      0.9999999
              1
              1
              1
      0.9999996
      0.9999986
      0.9999976
       0.999998
       1.000001
       1.000007
       1.000014
       1.000016
       1.000003
      0.9999719
