              2
              1
              1
              1
      0.9999999
      0.9999999
              1
       1.000001
       1.000001
      0.9999995
      0.9999938
      0.9999877
      0.9999968
       1.000041
       1.000108
       1.000098
      0.9998373
       0.999275
      0.9988487
      0.9996593
       1.002821
       1.007697
       1.009999
       1.002183
      0.9783764
      0.9428681
      0.9165176
      0.9335274
       1.025932
       1.203045
       1.440079
       1.686328
       1.889637
       2.021219
       2.084628
       2.105306
       2.111314
       2.119566
       2.134019
        2.15186
       2.169947
       2.187251
       2.204103
        2.22092
       2.237812
       2.254851
       2.272251
        2.29009
       2.307722
       2.323496
       2.335746
       2.345449
       2.359058
       2.387875
       2.440636
       2.510767
       2.566853
       2.557622
       2.435341
       2.186657
       1.849483
       1.500431
       1.217855
       1.044585
      0.9746556
      0.9692779
       0.985956
       0.999169
       1.002997
       1.001721
       1.000091
      0.9996478
      0.9998512
       1.000028
       1.000039
       1.000004
       0.999993
      0.9999981
       1.000001
              1
      0.9999998
      0.9999999
              1
              1
              1
              1
              1
              1
              1
              1
              1
              1
              1
              1
              1
              1
              1
              1
              1
              1
              1
