            100
        1.29143
       1.292977
       1.294861
       1.297076
       1.299614
       1.302463
       1.305614
       1.309054
       1.312769
       1.316745
       1.320967
       1.325418
       1.330081
       1.334937
       1.339968
       1.345154
       1.350475
       1.355909
       1.361436
       1.367034
       1.372681
       1.378355
       1.384033
       1.389693
       1.395313
        1.40087
       1.406343
       1.411709
       1.416949
        1.42204
       1.426962
       1.431697
       1.436225
       1.440527
       1.444588
       1.448391
       1.451919
       1.455161
       1.458101
       1.460729
       1.463034
       1.465006
       1.466638
       1.467924
       1.468857
       1.469434
       1.469653
       1.469512
       1.469013
       1.468158
       1.466949
       1.465391
       1.463491
       1.461256
       1.458696
       1.455819
       1.452639
       1.449168
       1.445419
       1.441407
        1.43715
       1.432662
       1.427964
       1.423072
       1.418008
        1.41279
        1.40744
        1.40198
        1.39643
       1.390812
        1.38515
       1.379466
       1.373781
       1.368119
       1.362501
       1.356951
        1.35149
       1.346139
       1.340919
       1.335851
       1.330955
        1.32625
       1.321754
       1.317485
       1.313459
       1.309693
         1.3062
       1.302995
       1.300089
       1.297495
       1.295222
       1.293279
       1.291673
        1.29041
       1.289497
       1.288935
       1.288727
       1.288874
       1.289375
       1.290228
