              5
       1.000048
        1.00008
       1.000131
       1.000213
        1.00034
       1.000537
       1.000837
       1.001287
       1.001952
       1.002921
       1.004311
       1.006277
       1.009013
       1.012765
       1.017828
       1.024556
       1.033355
       1.044679
       1.059018
        1.07688
       1.098764
       1.125132
       1.156372
       1.192756
       1.234411
       1.281281
       1.333106
       1.389414
       1.449525
       1.512571
       1.577541
       1.643328
       1.708792
       1.772826
       1.834416
       1.892693
       1.946969
       1.996756
       2.041763
       2.081874
        2.11711
       2.147582
       2.173436
       2.194801
       2.211739
       2.224214
       2.232066
        2.23501
       2.232644
       2.224482
       2.209991
       2.188654
       2.160024
       2.123797
       2.079869
       2.028391
       1.969809
       1.904876
        1.83465
       1.760455
       1.683822
       1.606413
       1.529923
       1.455979
        1.38605
       1.321362
       1.262837
       1.211065
       1.166297
       1.128467
        1.09724
       1.072069
       1.052265
       1.037062
        1.02568
       1.017375
       1.011471
       1.007384
       1.004631
       1.002827
       1.001679
       1.000969
       1.000543
       1.000296
       1.000156
        1.00008
       1.000039
       1.000019
       1.000009
       1.000004
       1.000002
       1.000001
       1.000001
       1.000001
       1.000002
       1.000003
       1.000005
        1.00001
       1.000017
       1.000028
