              5
       1.147373
       1.149823
       1.153981
       1.159808
       1.167252
       1.176246
       1.186713
        1.19857
       1.211728
       1.226103
       1.241608
       1.258164
       1.275697
       1.294135
       1.313417
        1.33348
       1.354269
       1.375727
       1.397797
       1.420423
       1.443545
       1.467099
       1.491018
        1.51523
       1.539658
       1.564222
       1.588837
       1.613414
       1.637859
       1.662078
       1.685972
       1.709442
       1.732385
       1.754701
       1.776289
       1.797046
       1.816876
       1.835682
       1.853371
       1.869855
        1.88505
       1.898877
       1.911265
       1.922148
       1.931468
       1.939175
       1.945228
       1.949593
       1.952247
       1.953175
       1.952372
       1.949842
       1.945598
       1.939663
        1.93207
       1.922858
       1.912078
       1.899785
       1.886045
       1.870928
       1.854514
       1.836884
       1.818128
       1.798338
       1.777609
       1.756041
       1.733734
        1.71079
        1.68731
       1.663397
        1.63915
       1.614669
        1.59005
       1.565387
       1.540771
       1.516287
       1.492019
       1.468046
        1.44444
       1.421274
       1.398612
       1.376518
       1.355053
       1.334274
       1.314239
       1.295003
       1.276627
       1.259168
       1.242689
       1.227258
       1.212944
       1.199821
       1.187965
       1.177454
       1.168368
        1.16078
       1.154759
       1.150368
       1.147653
       1.146649
