            100
       1.232126
       1.233633
         1.2354
       1.237422
       1.239689
       1.242194
       1.244926
       1.247875
       1.251029
       1.254376
       1.257904
       1.261597
       1.265443
       1.269425
       1.273529
       1.277738
       1.282036
       1.286405
        1.29083
       1.295291
       1.299773
       1.304257
       1.308725
        1.31316
       1.317545
       1.321861
       1.326093
       1.330223
       1.334234
       1.338111
       1.341839
       1.345402
       1.348787
       1.351979
       1.354967
       1.357737
       1.360279
       1.362584
        1.36464
       1.366442
        1.36798
       1.369248
       1.370243
       1.370959
       1.371394
       1.371546
       1.371415
          1.371
       1.370303
       1.369328
       1.368078
       1.366558
       1.364775
       1.362734
       1.360445
       1.357917
        1.35516
       1.352184
       1.349002
       1.345627
       1.342071
        1.33835
       1.334477
       1.330469
       1.326341
        1.32211
       1.317793
       1.313406
       1.308968
       1.304496
       1.300007
       1.295519
        1.29105
       1.286618
        1.28224
       1.277934
       1.273716
       1.269602
        1.26561
       1.261754
        1.25805
       1.254512
       1.251154
        1.24799
       1.245031
       1.242288
       1.239774
       1.237496
       1.235465
       1.233688
       1.232172
       1.230923
       1.229945
       1.229243
       1.228819
       1.228674
        1.22881
       1.229225
       1.229918
       1.230886
