            100
       1.001449
       1.001495
       1.001542
        1.00159
        1.00164
       1.001692
       1.001745
         1.0018
       1.001856
       1.001915
       1.001975
       1.002036
         1.0021
       1.002166
       1.002233
       1.002302
       1.002374
       1.002447
       1.002523
       1.002601
       1.002681
       1.002763
       1.002848
       1.002935
       1.003025
       1.003117
       1.003211
       1.003308
       1.003408
       1.003511
       1.003617
       1.003725
       1.003836
       1.003951
       1.004068
       1.004189
       1.004312
       1.004439
        1.00457
       1.004704
       1.004841
       1.004982
       1.005127
       1.005275
       1.005427
       1.005584
       1.005744
       1.005908
       1.006077
       1.006249
       1.006426
       1.006608
       1.006794
       1.006985
        1.00718
        1.00738
       1.007585
       1.007796
       1.008011
       1.008232
       1.008457
       1.008689
       1.008926
       1.009168
       1.009416
        1.00967
       1.009931
       1.010197
       1.010469
       1.010748
       1.011033
       1.011325
       1.011624
       1.011929
       1.012241
       1.012561
       1.012887
       1.013221
       1.013562
       1.013911
       1.014268
       1.014633
       1.015005
       1.015386
       1.015775
       1.016172
       1.016578
       1.016993
       1.017416
       1.017849
        1.01829
       1.018741
       1.019201
       1.019671
       1.020151
       1.020641
        1.02114
        1.02165
        1.02217
       1.022701
       1.023242
       1.023795
       1.024358
       1.024932
       1.025518
       1.026115
       1.026724
       1.027345
       1.027977
       1.028622
        1.02928
       1.029949
       1.030632
       1.031327
       1.032035
       1.032757
       1.033491
        1.03424
       1.035002
       1.035778
       1.036568
       1.037372
       1.038191
       1.039024
       1.039872
       1.040735
       1.041613
       1.042506
       1.043415
       1.044339
        1.04528
       1.046236
       1.047208
       1.048197
       1.049202
       1.050224
       1.051263
       1.052319
       1.053392
       1.054483
       1.055591
       1.056717
       1.057861
       1.059023
       1.060203
       1.061401
       1.062619
       1.063855
       1.065109
       1.066383
       1.067676
       1.068989
       1.070321
       1.071673
       1.073045
       1.074436
       1.075848
       1.077281
       1.078733
       1.080207
       1.081701
       1.083216
       1.084752
        1.08631
       1.087888
       1.089488
        1.09111
       1.092754
       1.094419
       1.096107
       1.097816
       1.099548
       1.101302
       1.103078
       1.104877
       1.106699
       1.108543
        1.11041
       1.112301
       1.114214
        1.11615
        1.11811
       1.120093
       1.122099
       1.124129
       1.126183
        1.12826
        1.13036
       1.132484
       1.134633
       1.136804
          1.139
        1.14122
       1.143463
       1.145731
       1.148023
       1.150338
       1.152678
       1.155042
       1.157429
       1.159841
       1.162277
       1.164737
       1.167221
       1.169729
       1.172261
       1.174817
       1.177398
       1.180002
       1.182629
       1.185281
       1.187957
       1.190656
       1.193379
       1.196125
       1.198896
       1.201689
       1.204506
       1.207346
        1.21021
       1.213096
       1.216006
       1.218938
       1.221893
       1.224871
       1.227871
       1.230894
       1.233939
       1.237006
       1.240094
       1.243205
       1.246337
       1.249491
       1.252666
       1.255862
       1.259079
       1.262317
       1.265576
       1.268854
       1.272153
       1.275472
        1.27881
       1.282168
       1.285545
       1.288941
       1.292356
       1.295789
       1.299241
       1.302711
       1.306198
       1.309703
       1.313225
       1.316765
        1.32032
       1.323892
       1.327481
       1.331085
       1.334704
       1.338339
       1.341989
       1.345653
       1.349331
       1.353023
       1.356729
       1.360448
       1.364181
       1.367925
       1.371682
       1.375451
       1.379231
       1.383022
       1.386825
       1.390637
        1.39446
       1.398292
       1.402134
       1.405985
       1.409844
       1.413711
       1.417587
       1.421469
       1.425359
       1.429255
       1.433157
       1.437065
       1.440979
       1.444897
        1.44882
       1.452747
       1.456678
       1.460612
       1.464549
       1.468489
        1.47243
       1.476373
       1.480318
       1.484263
       1.488208
       1.492153
       1.496098
       1.500042
       1.503984
       1.507925
       1.511863
       1.515799
       1.519731
        1.52366
       1.527585
       1.531505
        1.53542
       1.539331
       1.543235
       1.547133
       1.551024
       1.554909
       1.558786
       1.562655
       1.566515
       1.570367
       1.574209
       1.578042
       1.581864
       1.585676
       1.589477
       1.593267
       1.597045
        1.60081
       1.604563
       1.608303
       1.612029
       1.615741
       1.619439
       1.623122
        1.62679
       1.630443
       1.634079
       1.637699
       1.641302
       1.644889
       1.648457
       1.652007
        1.65554
       1.659053
       1.662547
       1.666022
       1.669477
       1.672911
       1.676325
       1.679718
       1.683089
       1.686439
       1.689767
       1.693072
       1.696354
       1.699614
       1.702849
       1.706061
       1.709249
       1.712412
       1.715551
       1.718664
       1.721752
       1.724813
       1.727849
       1.730859
       1.733841
       1.736797
       1.739725
       1.742626
       1.745498
       1.748343
       1.751159
       1.753946
       1.756704
       1.759433
       1.762132
       1.764802
       1.767441
        1.77005
       1.772628
       1.775176
       1.777692
       1.780177
       1.782631
       1.785052
       1.787442
       1.789799
       1.792124
       1.794416
       1.796676
       1.798902
       1.801095
       1.803254
        1.80538
       1.807472
       1.809529
       1.811553
       1.813542
       1.815496
       1.817416
       1.819301
       1.821151
       1.822965
       1.824744
       1.826487
       1.828195
       1.829867
       1.831503
       1.833102
       1.834666
       1.836193
       1.837683
       1.839137
       1.840554
       1.841935
       1.843278
       1.844584
       1.845853
       1.847085
       1.848279
       1.849436
       1.850555
       1.851636
        1.85268
       1.853686
       1.854654
       1.855584
       1.856476
       1.857329
       1.858145
       1.858922
       1.859661
       1.860362
       1.861024
       1.861648
       1.862233
        1.86278
       1.863288
       1.863757
       1.864188
        1.86458
       1.864933
       1.865248
       1.865523
        1.86576
       1.865958
       1.866118
       1.866238
        1.86632
       1.866362
       1.866366
       1.866331
       1.866257
       1.866145
       1.865993
       1.865803
       1.865574
       1.865306
       1.864999
       1.864654
        1.86427
       1.863847
       1.863386
       1.862886
       1.862347
        1.86177
       1.861154
         1.8605
       1.859808
       1.859077
       1.858308
         1.8575
       1.856655
       1.855772
        1.85485
       1.853891
       1.852893
       1.851858
       1.850785
       1.849675
       1.848527
       1.847342
       1.846119
       1.844859
       1.843562
       1.842228
       1.840857
       1.839449
       1.838004
       1.836523
       1.835005
       1.833451
       1.831861
       1.830235
       1.828573
       1.826875
       1.825141
       1.823372
       1.821568
       1.819728
       1.817853
       1.815943
       1.813999
        1.81202
       1.810007
       1.807959
       1.805878
       1.803763
       1.801614
       1.799431
       1.797216
       1.794967
       1.792685
       1.790371
       1.788024
       1.785645
       1.783234
       1.780792
       1.778317
       1.775812
       1.773275
       1.770707
       1.768109
       1.765481
       1.762822
       1.760134
       1.757416
       1.754668
       1.751892
       1.749086
       1.746252
        1.74339
         1.7405
       1.737583
       1.734638
       1.731665
       1.728666
       1.725641
       1.722589
       1.719512
       1.716409
        1.71328
       1.710127
       1.706949
       1.703747
       1.700521
       1.697271
       1.693998
       1.690702
       1.687384
       1.684043
       1.680681
       1.677297
       1.673892
       1.670466
       1.667019
       1.663553
       1.660067
       1.656561
       1.653037
       1.649494
       1.645933
       1.642354
       1.638758
       1.635145
       1.631515
       1.627869
       1.624208
       1.620531
       1.616839
       1.613132
       1.609411
       1.605677
       1.601929
       1.598168
       1.594395
       1.590609
       1.586812
       1.583004
       1.579185
       1.575356
       1.571517
       1.567668
        1.56381
       1.559943
       1.556068
       1.552186
       1.548296
       1.544399
       1.540496
       1.536586
       1.532671
       1.528751
       1.524826
       1.520897
       1.516964
       1.513027
       1.509087
       1.505145
       1.501201
       1.497255
       1.493308
        1.48936
       1.485412
       1.481463
       1.477515
       1.473568
       1.469623
       1.465679
       1.461737
       1.457798
       1.453862
       1.449929
       1.446001
       1.442076
       1.438156
       1.434242
       1.430333
       1.426429
       1.422533
       1.418642
       1.414759
       1.410884
       1.407016
       1.403157
       1.399306
       1.395465
       1.391633
        1.38781
       1.383998
       1.380197
       1.376406
       1.372627
       1.368859
       1.365104
       1.361361
        1.35763
       1.353913
       1.350209
       1.346518
       1.342842
        1.33918
       1.335533
       1.331901
       1.328284
       1.324683
       1.321098
       1.317528
       1.313976
        1.31044
       1.306922
        1.30342
       1.299937
       1.296471
       1.293024
       1.289594
       1.286184
       1.282793
        1.27942
       1.276067
       1.272734
        1.26942
       1.266127
       1.262854
       1.259601
       1.256369
       1.253158
       1.249968
       1.246799
       1.243652
       1.240526
       1.237422
        1.23434
        1.23128
       1.228242
       1.225227
       1.222234
       1.219264
       1.216317
       1.213392
       1.210491
       1.207613
       1.204757
       1.201926
       1.199118
       1.196333
       1.193572
       1.190834
       1.188121
       1.185431
       1.182765
       1.180123
       1.177505
       1.174911
       1.172341
       1.169795
       1.167273
       1.164776
       1.162302
       1.159853
       1.157428
       1.155027
       1.152651
       1.150299
       1.147971
       1.145667
       1.143387
       1.141131
         1.1389
       1.136692
       1.134509
       1.132349
       1.130214
       1.128102
       1.126014
        1.12395
        1.12191
       1.119893
         1.1179
        1.11593
       1.113984
       1.112061
       1.110161
       1.108285
       1.106432
       1.104601
       1.102793
       1.101008
       1.099246
       1.097506
       1.095789
       1.094094
       1.092421
       1.090771
       1.089142
       1.087535
       1.085949
       1.084386
       1.082843
       1.081322
       1.079822
       1.078343
       1.076885
       1.075447
        1.07403
       1.072633
       1.071257
       1.069901
       1.068564
       1.067248
       1.065951
       1.064673
       1.063415
       1.062175
       1.060955
       1.059753
        1.05857
       1.057406
        1.05626
       1.055132
       1.054021
       1.052929
       1.051854
       1.050796
       1.049756
       1.048733
       1.047726
       1.046736
       1.045763
       1.044806
       1.043866
       1.042941
       1.042032
       1.041138
        1.04026
       1.039398
        1.03855
       1.037717
       1.036899
       1.036096
       1.035307
       1.034532
       1.033771
       1.033024
       1.032291
       1.031571
       1.030864
       1.030171
        1.02949
       1.028822
       1.028167
       1.027524
       1.026894
       1.026275
       1.025669
       1.025074
       1.024491
       1.023919
       1.023359
       1.022809
       1.022271
       1.021743
       1.021226
       1.020719
       1.020223
       1.019736
        1.01926
       1.018793
       1.018336
       1.017889
       1.017451
       1.017022
       1.016602
       1.016191
       1.015789
       1.015395
        1.01501
       1.014633
       1.014264
       1.013903
        1.01355
       1.013205
       1.012868
       1.012538
       1.012215
         1.0119
       1.011591
        1.01129
       1.010996
       1.010708
       1.010426
       1.010152
       1.009883
       1.009621
       1.009365
       1.009115
        1.00887
       1.008632
       1.008399
       1.008172
        1.00795
       1.007733
       1.007522
       1.007316
       1.007114
       1.006918
       1.006727
        1.00654
       1.006358
        1.00618
       1.006007
       1.005838
       1.005673
       1.005513
       1.005356
       1.005204
       1.005055
        1.00491
       1.004769
       1.004632
       1.004498
       1.004368
       1.004241
       1.004117
       1.003997
        1.00388
       1.003766
       1.003655
       1.003547
       1.003442
        1.00334
        1.00324
       1.003144
        1.00305
       1.002958
       1.002869
       1.002783
       1.002699
       1.002617
       1.002538
       1.002461
       1.002386
       1.002313
       1.002242
       1.002174
       1.002107
       1.002042
        1.00198
       1.001919
       1.001859
       1.001802
       1.001747
       1.001693
        1.00164
        1.00159
       1.001541
       1.001493
       1.001447
       1.001402
       1.001359
       1.001317
       1.001277
       1.001237
         1.0012
       1.001163
       1.001128
       1.001093
        1.00106
       1.001029
       1.000998
       1.000968
       1.000939
       1.000912
       1.000885
        1.00086
       1.000835
       1.000812
       1.000789
       1.000767
       1.000746
       1.000726
       1.000707
       1.000689
       1.000671
       1.000654
       1.000639
       1.000623
       1.000609
       1.000595
       1.000583
        1.00057
       1.000559
       1.000548
       1.000538
       1.000529
        1.00052
       1.000512
       1.000505
       1.000498
       1.000492
       1.000486
       1.000482
       1.000477
       1.000474
       1.000471
       1.000469
       1.000467
       1.000466
       1.000465
       1.000466
       1.000466
       1.000468
        1.00047
       1.000472
       1.000475
       1.000479
       1.000484
       1.000489
       1.000495
       1.000501
       1.000508
       1.000515
       1.000524
       1.000533
       1.000542
       1.000553
       1.000564
       1.000575
       1.000588
       1.000601
       1.000614
       1.000629
       1.000644
        1.00066
       1.000677
       1.000695
       1.000713
       1.000732
       1.000753
       1.000774
       1.000795
       1.000818
       1.000842
       1.000866
       1.000892
       1.000918
       1.000946
       1.000974
       1.001004
       1.001035
       1.001066
       1.001099
       1.001133
       1.001168
       1.001205
       1.001242
       1.001281
       1.001321
       1.001362
       1.001405
