             10
       1.186559
       1.188611
       1.192094
        1.19699
       1.203275
       1.210919
       1.219883
       1.230125
       1.241595
        1.25424
       1.268004
       1.282826
       1.298645
       1.315395
       1.333012
       1.351427
       1.370573
       1.390379
       1.410777
       1.431695
       1.453061
       1.474801
       1.496841
       1.519104
       1.541513
       1.563988
       1.586448
       1.608811
       1.630993
       1.652909
       1.674474
       1.695601
       1.716203
       1.736196
       1.755493
       1.774011
       1.791669
       1.808386
       1.824086
       1.838697
       1.852151
       1.864382
       1.875333
        1.88495
       1.893186
            1.9
       1.905359
       1.909235
       1.911609
       1.912469
       1.911811
       1.909636
       1.905956
       1.900789
        1.89416
       1.886101
       1.876652
       1.865858
       1.853772
       1.840452
       1.825961
       1.810365
       1.793739
       1.776158
       1.757702
       1.738451
       1.718492
       1.697909
       1.676789
        1.65522
       1.633289
       1.611083
        1.58869
       1.566194
       1.543679
       1.521229
       1.498925
       1.476844
       1.455066
       1.433664
       1.412714
       1.392287
       1.372453
       1.353282
       1.334841
       1.317196
       1.300412
       1.284551
       1.269676
       1.255845
       1.243118
       1.231547
       1.221186
       1.212082
        1.20428
       1.197817
       1.192729
       1.189042
       1.186777
       1.185947
