             20
       1.250854
       1.252464
       1.255223
       1.259122
       1.264143
       1.270269
       1.277474
       1.285731
       1.295007
       1.305267
       1.316469
        1.32857
       1.341524
       1.355281
       1.369786
       1.384986
        1.40082
       1.417228
       1.434148
       1.451514
       1.469261
        1.48732
       1.505623
       1.524098
       1.542676
       1.561284
       1.579851
       1.598303
        1.61657
       1.634579
        1.65226
       1.669541
       1.686355
       1.702632
       1.718308
       1.733317
       1.747598
       1.761093
       1.773744
       1.785498
       1.796306
       1.806122
       1.814903
       1.822612
       1.829215
       1.834684
       1.838995
       1.842128
        1.84407
       1.844812
        1.84435
       1.842687
       1.839829
       1.835788
       1.830583
       1.824235
       1.816771
       1.808224
       1.798631
       1.788032
       1.776473
       1.764003
       1.750674
       1.736543
       1.721667
        1.70611
       1.689935
       1.673208
       1.655997
       1.638372
       1.620404
       1.602163
       1.583723
       1.565156
       1.546535
       1.527931
       1.509418
       1.491065
       1.472945
       1.455125
       1.437675
        1.42066
       1.404146
       1.388195
       1.372868
       1.358223
       1.344316
         1.3312
       1.318926
       1.307541
       1.297088
       1.287609
       1.279139
       1.271713
       1.265359
       1.260102
       1.255964
        1.25296
       1.251103
         1.2504
