             50
       1.382209
       1.383008
        1.38445
       1.386528
       1.389234
       1.392558
       1.396487
       1.401005
       1.406095
       1.411736
       1.417907
       1.424584
       1.431739
       1.439346
       1.447375
       1.455793
       1.464569
       1.473667
       1.483051
       1.492686
       1.502533
       1.512552
       1.522706
       1.532954
       1.543255
       1.553569
       1.563856
       1.574074
       1.584183
       1.594143
       1.603916
       1.613462
       1.622743
       1.631723
       1.640366
       1.648637
       1.656505
       1.663937
       1.670905
        1.67738
       1.683336
       1.688751
       1.693602
        1.69787
       1.701538
       1.704591
       1.707018
       1.708808
       1.709954
       1.710453
       1.710301
       1.709499
       1.708051
       1.705962
       1.703241
       1.699898
       1.695946
       1.691403
       1.686284
       1.680612
       1.674408
       1.667697
       1.660507
       1.652864
       1.644801
       1.636348
        1.62754
       1.618411
       1.608998
       1.599337
       1.589468
       1.579429
        1.56926
       1.559002
       1.548694
       1.538378
       1.528093
       1.517882
       1.507784
       1.497838
       1.488084
       1.478561
       1.469306
       1.460354
       1.451742
       1.443503
        1.43567
       1.428273
       1.421341
       1.414901
       1.408978
       1.403597
       1.398777
       1.394537
       1.390895
       1.387864
       1.385456
       1.383681
       1.382546
       1.382054
