            100
       1.484952
       1.485187
       1.485663
       1.486377
       1.487326
       1.488508
       1.489917
       1.491547
       1.493393
       1.495448
       1.497702
       1.500147
       1.502773
        1.50557
       1.508528
       1.511634
       1.514876
       1.518241
       1.521716
       1.525288
       1.528941
       1.532663
       1.536438
        1.54025
       1.544086
        1.54793
       1.551767
       1.555582
       1.559359
       1.563084
       1.566743
       1.570319
       1.573801
       1.577173
       1.580422
       1.583536
       1.586502
       1.589309
       1.591946
       1.594402
       1.596667
       1.598732
        1.60059
       1.602233
       1.603655
       1.604849
       1.605811
       1.606538
       1.607027
       1.607274
       1.607281
       1.607046
       1.606571
       1.605857
       1.604907
       1.603725
       1.602316
       1.600685
       1.598838
       1.596783
       1.594529
       1.592083
       1.589456
       1.586658
         1.5837
       1.580593
       1.577351
       1.573985
       1.570509
       1.566937
       1.563283
       1.559561
       1.555786
       1.551973
       1.548136
       1.544292
       1.540455
       1.536641
       1.532863
       1.529139
       1.525481
       1.521904
       1.518424
       1.515052
       1.511803
        1.50869
       1.505724
       1.502918
       1.500282
       1.497827
       1.495562
       1.493497
        1.49164
       1.489998
       1.488577
       1.487383
       1.486421
       1.485695
       1.485207
       1.484959
